1.60159
0.174768
-0.302023
0.188985
-2.36984
-0.664492
-0.171248
-0.764852
0.14535
1.20412
-0.69196
-0.702026
0.274173
1.18623
0.681032
0.828367
0.209104
0.294421
-1.66878
1.57662
-0.922316
-0.441963
-0.032392
0.919759
0.180425
0.328624
-0.24095
0.0147598
-0.235778
1.97919
0.742458
0.0872494
0.938637
0.944543
-1.04448
-2.18843
0.294663
-0.29463
-1.58269
2.30896
-0.5622
-1.15269
3.26738
0.13468
0.386196
-0.520294
0.3979
-0.457618
-0.963016
0.79939
-0.867107
-1.5217
-0.000868907
0.284671
0.105752
0.183454
0.252087
-1.10875
-1.67226
-0.0434331
-0.318448
-1.46495
-0.861979
0.486177
-1.64233
-0.47229
-0.225226
0.592434
-0.622134
-0.398649
1.47349
-2.0471
0.622285
0.270222
-0.41095
-3.29764
0.384282
1.60651
0.473325
-0.236517
1.05022
0.765907
2.96392
-0.89315
0.204822
-0.435839
0.682963
0.925608
1.011
-0.0620327
1.84143
1.13622
0.136563
-0.0258416
-1.45233
-1.98877
1.00374
-0.146401
-0.568854
1.53022
0.897942
-1.74893
1.16078
-0.439985
0.536179
1.30798
-0.649257
-0.730632
-0.7054
0.984091
0.672421
-0.588961
-0.558326
-1.02073
0.372647
0.318026
-0.229
-1.24129
0.650785
0.818608
1.44086
-0.604529
-1.08322
0.355131
1.5911
1.31257
-1.02439
-0.186612
-0.0465558
1.32209
1.12669
-1.11474
-1.69444
0.705715
-1.36648
-2.14329
-0.509799
-0.205686
-0.715929
1.17533
0.107532
0.0741928
-0.0625077
-1.95877
0.224184
-1.51808
1.29483
2.69179
-1.33734
0.0914094
-0.470545
1.87161
-0.81828
1.74652
0.496108
-0.826086
-0.00855941
0.807083
-0.0172126
2.586
-0.74019
-0.508975
-1.38733
0.97018
0.311374
1.14703
1.11282
0.116554
1.05146
-0.64877
-2.7835
-0.177948
-0.520243
1.7285
1.22649
-2.36085
0.50454
1.96553
-1.57152
0.276697
0.0692791
-0.433194
-1.54836
-0.785637
1.85493
-1.2147
-0.313699
-0.993864
1.96825
-0.542943
-0.400987
-0.0335781
-0.653401
-0.000299048
1.14411
-0.702731
0.799244
1.38236
-0.74222
0.462229
0.49096
-0.375626
-0.307753
0.66419
-0.00516176
-2.75127
-0.0473637
-0.381075
-0.362095
-0.471497
-0.1653
0.0956067
0.0434566
1.04261
-0.795704
1.67278
0.51754
0.850955
-0.161765
1.25022
1.92435
-0.543477
-0.79681
-0.241289
-0.270812
1.40843
0.395771
-0.985815
-1.43286
-0.826044
-0.639974
-0.00277178
-1.22203
-0.308263
-1.15725
-0.53014
-1.87226
0.365588
1.20336
1.18354
-0.578359
-0.722645
1.03522
-0.0387966
1.46845
-0.699113
-2.52344
-0.0598001
0.0256637
1.47973
0.9918
-1.55369
-1.40047
-0.448939
-0.0558785
0.571513
1.32441
0.332445
-0.332187
0.0166776
0.192863
0.197421
1.06317
1.30835
-1.7952
0.77411
0.210069
0.15429
0.734998
0.0231183
0.746788
1.78219
-0.0338403
0.379573
-1.75103
1.23947
-0.908724
1.05037
-0.189332
2.07548
-1.2002
-0.655714
-0.0415596
-0.27881
-2.13466
1.45427
2.54675
1.01604
-2.56478
-0.177439
0.269773
0.73318
1.86434
-1.53934
0.542556
0.158204
-1.25598
-0.433154
0.0192095
-0.69294
-0.153211
0.220478
-0.742088
-0.803721
-1.20334
-0.637991
-0.0710958
1.12316
-0.509465
-0.287698
-0.610331
0.972259
-1.02842
-0.162226
0.50841
0.0703828
1.40664
0.687695
1.02205
-0.430087
0.0414299
-1.72566
0.33609
-0.552045
0.967955
0.366598
-0.244878
-1.1645
-0.657641
0.26273
0.443315
0.271461
1.05381
-0.87083
-0.957897
-1.15662
0.788717
-0.0689928
1.04308
0.729097
0.420692
-0.125412
-0.313425
-3.04451
0.0945182
-0.447976
0.383134
0.482032
-0.31982
-1.84027
-1.43138
-1.00172
-1.65064
-0.227378
1.62367
0.345129
1.2315
-0.27219
1.3109
0.55747
-1.29162
-1.06464
0.440879
-1.23667
0.83773
-1.05357
-2.37171
-0.831861
-0.519059
-0.894317
-0.623944
-0.377288
1.17976
0.501945
-0.819202
0.120498
0.589365
-0.6158
-1.37339
1.20739
0.817313
-1.09403
0.68008
-2.19592
0.15442
-0.119566
-1.22421
0.400073
0.482908
0.926553
0.511301
-0.974835
0.310814
0.98617
1.32901
-2.11167
1.16304
1.06646
0.408495
-0.293181
0.242119
1.83126
0.755538
0.621323
-0.528985
0.202272
-0.31474
1.3635
0.935938
-0.284102
0.335073
2.14863
0.0731194
-0.394891
-1.17425
0.11499
0.960027
-0.226214
-0.507685
0.926287
0.636202
-0.141797
0.6216
0.479241
1.89841
1.31438
2.15752
0.0715822
0.676833
-1.4854
-0.374323
-0.342601
1.30878
-0.379699
-1.1276
0.919942
1.79304
-0.429614
-0.52823
-1.11508
-0.228462
0.914231
-0.559762
0.519907
0.749234
-0.531923
0.0617061
-0.398557
-1.42035
-0.509089
-0.0893838
-0.693531
-1.46763
1.35619
0.990076
-0.293361
0.319144
0.755376
-1.54775
-1.10471
1.31864
0.527837
-0.16899
-1.29717
-0.792015
0.44197
-0.0284817
1.96263
-1.29925
-0.219315
0.708452
-0.555953
-1.42135
0.836574
0.278321
-0.328304
-0.372506
-0.76736
-0.767129
-1.00407
0.216991
0.676136
-1.60189
0.15628
-0.0803994
0.832047
0.636428
1.60706
-0.716312
-0.142865
-0.426746
-0.340178
1.28008
-1.50361
1.35463
1.99511
-0.293563
-0.15551
2.30271
-0.042912
-0.677018
-0.599012
0.552902
1.21104
1.01154
1.34168
-1.26404
0.763082
-2.34526
-0.207979
-0.41767
-1.5901
-0.604552
0.827305
1.59727
0.898232
1.08948
1.22531
-3.24845
0.322289
-1.45451
-0.252404
1.2754
0.575801
2.26851
-0.64364
2.69262
1.43807
0.177433
-0.97596
-1.53994
-1.15266
0.803392
-0.637434
1.69192
2.11531
-0.124551
0.691652
1.17672
1.88887
0.487494
-1.36726
-0.220095
1.71937
-0.726878
1.82978
1.07754
-0.0627107
0.206139
0.38632
-0.0400364
-0.107574
-0.18782
0.0552179
-1.05241
0.0362759
-0.151429
-0.711683
0.364235
-0.27395
-1.34991
0.355311
-0.611712
1.01057
1.14581
-0.512351
0.232381
-0.428038
-1.06141
2.0372
-1.98892
-0.277823
1.06369
-0.945075
0.599908
-1.99909
0.852508
-1.29909
2.21126
-0.18191
-0.50467
0.257317
-0.113383
0.653841
0.49818
-0.624212
-2.46103
0.0558947
-0.464645
-1.09361
-0.706257
1.26041
-0.453456
-1.32835
0.121867
0.727639
0.0381958
-0.874765
-1.36164
-0.921499
-1.29063
0.10084
-0.229125
3.04348
-0.852236
-0.742595
-0.103196
-0.456864
0.676767
-0.437595
-0.377108
-1.75321
1.91544
0.231291
0.583637
-1.39323
-0.854006
-0.964353
-0.0860697
-0.245465
0.00600476
0.577933
0.0638988
0.168003
0.343881
-1.39792
0.939697
-0.0693119
0.977426
-1.76201
0.829298
0.337754
0.850931
-0.0389591
1.59348
-1.43784
-0.745469
0.69651
1.22956
1.2789
1.03611
-2.19972
0.743468
-1.1225
-1.02559
-1.12966
-0.653677
-1.02325
0.0984694
0.168757
-0.600371
-0.496826
-0.0893487
0.0818606
1.01352
-0.412286
-2.07358
0.329769
0.0279508
-1.50098
1.58818
0.394036
-0.528639
-0.611703
-1.03573
0.0545662
-0.567907
-0.938269
-0.432286
-0.828516
-1.96799
-1.72362
0.164732
4.1631
0.21197
-0.498415
-1.40276
-0.5128
0.591879
0.235365
-1.75801
1.8106
-0.200087
1.07041
0.535924
0.369295
-0.105025
0.132183
0.0710254
0.642984
0.238388
-1.09885
0.888391
0.0436226
0.99817
0.420891
-0.431
-0.633476
0.28929
-0.652547
1.60441
-0.29049
-1.68831
1.05425
1.05023
1.38798
1.75885
1.41432
0.577779
0.446861
2.50617
0.904644
-1.68128
-0.865039
1.23219
1.25843
0.810985
-0.892295
-1.86783
0.458543
1.10893
-2.44624
-1.46961
-1.48781
0.730212
1.50513
-1.09758
0.783223
0.774395
0.531384
-0.348851
-0.257454
0.156239
-0.0987162
1.22335
-0.527104
0.175704
0.0795392
-1.33795
-0.81569
-0.404961
1.25707
0.817267
-1.13318
1.51157
0.319407
0.685455
-0.744769
-0.514233
-0.442846
1.60151
0.213294
0.301282
-0.86135
0.882584
-0.623001
0.699686
-0.558739
0.489196
-0.512109
2.15025
-0.55769
-0.275576
0.090479
1.97166
-1.45136
-2.17205
0.0315232
-1.34512
0.967861
-0.369762
0.898514
0.900784
-0.341166
2.5065
-0.865847
-0.552928
0.482536
-0.270953
0.102929
1.63721
0.515684
0.727721
0.446452
-0.271544
-0.324302
0.331924
-0.429934
0.411456
-0.432863
1.07746
-0.757788
-0.937883
-0.0870682
0.920017
-0.428999
0.672613
1.12257
1.36871
0.502238
-0.26269
0.721711
1.67735
-1.00179
-2.64124
1.19858
-0.713839
0.349369
0.0832966
0.311851
0.227899
-0.134882
0.52879
0.565017
-1.23235
0.463428
-2.03313
-0.103633
-1.25279
0.0906689
1.10597
0.228964
0.00651238
-0.342279
-0.472906
-0.560079
2.10562
0.0977511
0.0986726
0.545524
0.470928
-0.111001
1.05863
1.19602
0.490892
-0.290413
-0.43009
0.841506
-0.465842
-1.24496
-0.483181
-0.104271
0.0400114
0.272847
0.573695
0.0463275
0.797365
0.765393
0.521179
0.894784
0.389503
1.10648
0.177349
-1.27947
-0.333029
-0.747966
0.396553
-1.19376
0.284302
0.246674
0.584622
-0.0981276
0.680034
0.53661
0.592098
1.27391
-1.14385
-1.16171
-1.31552
-0.424148
0.868089
0.0305908
-1.81497
0.213712
-0.363811
-0.722395
0.042594
-1.49084
-0.489427
0.289275
-0.0415888
-0.921305
-0.933997
-0.702904
-1.73476
-1.21246
0.709559
0.561354
1.21112
0.0789631
0.956074
0.785398
0.608115
-2.74297
-1.95126
0.156436
0.411682
0.484654
-0.53918
-0.0994044
-1.05275
0.30644
0.62731
0.201591
-1.8389
0.189375
0.10719
-0.522638
-1.27764
1.99191
-0.343125
-2.25876
-0.071081
1.98316
0.824158
-0.608056
-0.10584
0.620504
1.29398
-0.381484
-0.228395
1.00369
-0.826478
0.701388
0.121401
-1.4233
-0.78999
-0.408218
-0.415631
0.926823
0.501662
1.18199
0.250874
-0.175837
-0.284528
1.82161
0.838388
-0.979787
0.556572
-0.449621
1.67194
-0.0332148
-0.20008
-0.141212
-0.822055
-0.403434
-1.07415
0.37385
2.00659
1.02794
0.94293
0.612367
-1.04954
0.620963
0.671938
0.295359
-0.138081
-0.509091
-0.905647
0.556321
-1.09693
-1.05256
-0.329338
0.0356097
0.603905
-0.7275
0.470419
-0.952134
-0.673349
0.0765995
-1.42221
-0.101798
1.08896
0.441461
0.583791
0.15621
0.110827
-1.1008
0.159876
-1.01767
0.180183
-1.34135
-0.0105912
-0.0297187
-1.34293
0.80327
0.18786
-1.12078
0.680712
-2.31406
0.87234
0.0886741
1.89656
0.561449
-0.215088
0.171904
0.909231
-0.00232371
1.45676
-1.90592
1.60159
0.174768
-0.302023
0.188985
-2.36984
-0.664492
-0.171248
-0.764852
0.14535
1.20412
-0.69196
-0.702026
0.274173
1.18623
0.681032
0.828367
0.209104
0.294421
-1.66878
1.57662
-0.922316
-0.441963
-0.032392
0.919759
0.180425
0.328624
-0.24095
0.0147598
-0.235778
1.97919
0.742458
0.0872494
0.938637
0.944543
-1.04448
-2.18843
0.294663
-0.29463
-1.58269
2.30896
-0.5622
-1.15269
3.26738
0.13468
0.386196
-0.520294
0.3979
-0.457618
-0.963016
0.79939
-0.867107
-1.5217
-0.000868907
0.284671
0.105752
0.183454
0.252087
-1.10875
-1.67226
-0.0434331
-0.318448
-1.46495
-0.861979
0.486177
-1.64233
-0.47229
-0.225226
0.592434
-0.622134
-0.398649
1.47349
-2.0471
0.622285
0.270222
-0.41095
-3.29764
0.384282
1.60651
0.473325
-0.236517
1.05022
0.765907
2.96392
-0.89315
0.204822
-0.435839
0.682963
0.925608
1.011
-0.0620327
1.84143
1.13622
0.136563
-0.0258416
-1.45233
-1.98877
1.00374
-0.146401
-0.568854
1.53022
0.897942
-1.74893
1.16078
-0.439985
0.536179
1.30798
-0.649257
-0.730632
-0.7054
0.984091
0.672421
-0.588961
-0.558326
-1.02073
0.372647
0.318026
-0.229
-1.24129
0.650785
0.818608
1.44086
-0.604529
-1.08322
0.355131
1.5911
1.31257
-1.02439
-0.186612
-0.0465558
1.32209
1.12669
-1.11474
-1.69444
0.705715
-1.36648
-2.14329
-0.509799
-0.205686
-0.715929
1.17533
0.107532
0.0741928
-0.0625077
-1.95877
0.224184
-1.51808
1.29483
2.69179
-1.33734
0.0914094
-0.470545
1.87161
-0.81828
1.74652
0.496108
-0.826086
-0.00855941
0.807083
-0.0172126
2.586
-0.74019
-0.508975
-1.38733
0.97018
0.311374
1.14703
1.11282
0.116554
1.05146
-0.64877
-2.7835
-0.177948
-0.520243
1.7285
1.22649
-2.36085
0.50454
1.96553
-1.57152
0.276697
0.0692791
-0.433194
-1.54836
-0.785637
1.85493
-1.2147
-0.313699
-0.993864
1.96825
-0.542943
-0.400987
-0.0335781
-0.653401
-0.000299048
1.14411
-0.702731
0.799244
1.38236
-0.74222
0.462229
0.49096
-0.375626
-0.307753
0.66419
-0.00516176
-2.75127
-0.0473637
-0.381075
-0.362095
-0.471497
-0.1653
0.0956067
0.0434566
1.04261
-0.795704
1.67278
0.51754
0.850955
-0.161765
1.25022
1.92435
-0.543477
-0.79681
-0.241289
-0.270812
1.40843
0.395771
-0.985815
-1.43286
-0.826044
-0.639974
-0.00277178
-1.22203
-0.308263
-1.15725
-0.53014
-1.87226
0.365588
1.20336
1.18354
-0.578359
-0.722645
1.03522
-0.0387966
1.46845
-0.699113
-2.52344
-0.0598001
0.0256637
1.47973
0.9918
-1.55369
-1.40047
-0.448939
-0.0558785
0.571513
1.32441
0.332445
-0.332187
0.0166776
0.192863
0.197421
1.06317
1.30835
-1.7952
0.77411
0.210069
0.15429
0.734998
0.0231183
0.746788
1.78219
-0.0338403
0.379573
-1.75103
1.23947
-0.908724
1.05037
-0.189332
2.07548
-1.2002
-0.655714
-0.0415596
-0.27881
-2.13466
1.45427
2.54675
1.01604
-2.56478
-0.177439
0.269773
0.73318
1.86434
-1.53934
0.542556
0.158204
-1.25598
-0.433154
0.0192095
-0.69294
-0.153211
0.220478
-0.742088
-0.803721
-1.20334
-0.637991
-0.0710958
1.12316
-0.509465
-0.287698
-0.610331
0.972259
-1.02842
-0.162226
0.50841
0.0703828
1.40664
0.687695
1.02205
-0.430087
0.0414299
-1.72566
0.33609
-0.552045
0.967955
0.366598
-0.244878
-1.1645
-0.657641
0.26273
0.443315
0.271461
1.05381
-0.87083
-0.957897
-1.15662
0.788717
-0.0689928
1.04308
0.729097
0.420692
-0.125412
-0.313425
-3.04451
0.0945182
-0.447976
0.383134
0.482032
-0.31982
-1.84027
-1.43138
-1.00172
-1.65064
-0.227378
1.62367
0.345129
1.2315
-0.27219
1.3109
0.55747
-1.29162
-1.06464
0.440879
-1.23667
0.83773
-1.05357
-2.37171
-0.831861
-0.519059
-0.894317
-0.623944
-0.377288
1.17976
0.501945
-0.819202
0.120498
0.589365
-0.6158
-1.37339
1.20739
0.817313
-1.09403
0.68008
-2.19592
0.15442
-0.119566
-1.22421
0.400073
0.482908
0.926553
0.511301
-0.974835
0.310814
0.98617
1.32901
-2.11167
1.16304
1.06646
0.408495
-0.293181
0.242119
1.83126
0.755538
0.621323
-0.528985
0.202272
-0.31474
1.3635
0.935938
-0.284102
0.335073
2.14863
0.0731194
-0.394891
-1.17425
0.11499
0.960027
-0.226214
-0.507685
0.926287
0.636202
-0.141797
0.6216
0.479241
1.89841
1.31438
2.15752
0.0715822
0.676833
-1.4854
-0.374323
-0.342601
1.30878
-0.379699
-1.1276
0.919942
1.79304
-0.429614
-0.52823
-1.11508
-0.228462
0.914231
-0.559762
0.519907
0.749234
-0.531923
0.0617061
-0.398557
-1.42035
-0.509089
-0.0893838
-0.693531
-1.46763
1.35619
0.990076
-0.293361
0.319144
0.755376
-1.54775
-1.10471
1.31864
0.527837
-0.16899
-1.29717
-0.792015
0.44197
-0.0284817
1.96263
-1.29925
-0.219315
0.708452
-0.555953
-1.42135
0.836574
0.278321
-0.328304
-0.372506
-0.76736
-0.767129
-1.00407
0.216991
0.676136
-1.60189
0.15628
-0.0803994
0.832047
0.636428
1.60706
-0.716312
-0.142865
-0.426746
-0.340178
1.28008
-1.50361
1.35463
1.99511
-0.293563
-0.15551
2.30271
-0.042912
-0.677018
-0.599012
0.552902
1.21104
1.01154
1.34168
-1.26404
0.763082
-2.34526
-0.207979
-0.41767
-1.5901
-0.604552
0.827305
1.59727
0.898232
1.08948
1.22531
-3.24845
0.322289
-1.45451
-0.252404
1.2754
0.575801
2.26851
-0.64364
2.69262
1.43807
0.177433
-0.97596
-1.53994
-1.15266
0.803392
-0.637434
1.69192
2.11531
-0.124551
0.691652
1.17672
1.88887
0.487494
-1.36726
-0.220095
1.71937
-0.726878
1.82978
1.07754
-0.0627107
0.206139
0.38632
-0.0400364
-0.107574
-0.18782
0.0552179
-1.05241
0.0362759
-0.151429
-0.711683
0.364235
-0.27395
-1.34991
0.355311
-0.611712
1.01057
1.14581
-0.512351
0.232381
-0.428038
-1.06141
2.0372
-1.98892
-0.277823
1.06369
-0.945075
0.599908
-1.99909
0.852508
-1.29909
2.21126
-0.18191
-0.50467
0.257317
-0.113383
0.653841
0.49818
-0.624212
-2.46103
0.0558947
-0.464645
-1.09361
-0.706257
1.26041
-0.453456
-1.32835
0.121867
0.727639
0.0381958
-0.874765
-1.36164
-0.921499
-1.29063
0.10084
-0.229125
3.04348
-0.852236
-0.742595
-0.103196
-0.456864
0.676767
-0.437595
-0.377108
-1.75321
1.91544
0.231291
0.583637
-1.39323
-0.854006
-0.964353
-0.0860697
-0.245465
0.00600476
0.577933
0.0638988
0.168003
0.343881
-1.39792
0.939697
-0.0693119
0.977426
-1.76201
0.829298
0.337754
0.850931
-0.0389591
1.59348
-1.43784
-0.745469
0.69651
1.22956
1.2789
1.03611
-2.19972
0.743468
-1.1225
-1.02559
-1.12966
-0.653677
-1.02325
0.0984694
0.168757
-0.600371
-0.496826
-0.0893487
0.0818606
1.01352
-0.412286
-2.07358
0.329769
0.0279508
-1.50098
1.58818
0.394036
-0.528639
-0.611703
-1.03573
0.0545662
-0.567907
-0.938269
-0.432286
-0.828516
-1.96799
-1.72362
0.164732
4.1631
0.21197
-0.498415
-1.40276
-0.5128
0.591879
0.235365
-1.75801
1.8106
-0.200087
1.07041
0.535924
0.369295
-0.105025
0.132183
0.0710254
0.642984
0.238388
-1.09885
0.888391
0.0436226
0.99817
0.420891
-0.431
-0.633476
0.28929
-0.652547
1.60441
-0.29049
-1.68831
1.05425
1.05023
1.38798
1.75885
1.41432
0.577779
0.446861
2.50617
0.904644
-1.68128
-0.865039
1.23219
1.25843
0.810985
-0.892295
-1.86783
0.458543
1.10893
-2.44624
-1.46961
-1.48781
0.730212
1.50513
-1.09758
0.783223
0.774395
0.531384
-0.348851
-0.257454
0.156239
-0.0987162
1.22335
-0.527104
0.175704
0.0795392
-1.33795
-0.81569
-0.404961
1.25707
0.817267
-1.13318
1.51157
0.319407
0.685455
-0.744769
-0.514233
-0.442846
1.60151
0.213294
0.301282
-0.86135
0.882584
-0.623001
0.699686
-0.558739
0.489196
-0.512109
2.15025
-0.55769
-0.275576
0.090479
1.97166
-1.45136
-2.17205
0.0315232
-1.34512
0.967861
-0.369762
0.898514
0.900784
-0.341166
2.5065
-0.865847
-0.552928
0.482536
-0.270953
0.102929
1.63721
0.515684
0.727721
0.446452
-0.271544
-0.324302
0.331924
-0.429934
0.411456
-0.432863
1.07746
-0.757788
-0.937883
-0.0870682
0.920017
-0.428999
0.672613
1.12257
1.36871
0.502238
-0.26269
0.721711
1.67735
-1.00179
-2.64124
1.19858
-0.713839
0.349369
0.0832966
0.311851
0.227899
-0.134882
0.52879
0.565017
-1.23235
0.463428
-2.03313
-0.103633
-1.25279
0.0906689
1.10597
0.228964
0.00651238
-0.342279
-0.472906
-0.560079
2.10562
0.0977511
0.0986726
0.545524
0.470928
-0.111001
1.05863
1.19602
0.490892
-0.290413
-0.43009
0.841506
-0.465842
-1.24496
-0.483181
-0.104271
0.0400114
0.272847
0.573695
0.0463275
0.797365
0.765393
0.521179
0.894784
0.389503
1.10648
0.177349
-1.27947
-0.333029
-0.747966
0.396553
-1.19376
0.284302
0.246674
0.584622
-0.0981276
0.680034
0.53661
0.592098
1.27391
-1.14385
-1.16171
-1.31552
-0.424148
0.868089
0.0305908
-1.81497
0.213712
-0.363811
-0.722395
0.042594
-1.49084
-0.489427
0.289275
-0.0415888
-0.921305
-0.933997
-0.702904
-1.73476
-1.21246
0.709559
0.561354
1.21112
0.0789631
0.956074
0.785398
0.608115
-2.74297
-1.95126
0.156436
0.411682
0.484654
-0.53918
-0.0994044
-1.05275
0.30644
0.62731
0.201591
-1.8389
0.189375
0.10719
-0.522638
-1.27764
1.99191
-0.343125
-2.25876
-0.071081
1.98316
0.824158
-0.608056
-0.10584
0.620504
1.29398
-0.381484
-0.228395
1.00369
-0.826478
0.701388
0.121401
-1.4233
-0.78999
-0.408218
-0.415631
0.926823
0.501662
1.18199
0.250874
-0.175837
-0.284528
1.82161
0.838388
-0.979787
0.556572
-0.449621
1.67194
-0.0332148
-0.20008
-0.141212
-0.822055
-0.403434
-1.07415
0.37385
2.00659
1.02794
0.94293
0.612367
-1.04954
0.620963
0.671938
0.295359
-0.138081
-0.509091
-0.905647
0.556321
-1.09693
-1.05256
-0.329338
0.0356097
0.603905
-0.7275
0.470419
-0.952134
-0.673349
0.0765995
-1.42221
-0.101798
1.08896
0.441461
0.583791
0.15621
0.110827
-1.1008
0.159876
-1.01767
0.180183
-1.34135
-0.0105912
-0.0297187
-1.34293
0.80327
0.18786
-1.12078
0.680712
-2.31406
0.87234
0.0886741
1.89656
0.561449
-0.215088
0.171904
0.909231
-0.00232371
1.45676
-1.90592
