-0.577741
0.625882
0.696436
0.0531863
0.991048
-0.965213
-0.0273548
1.56123
0.0237276
-0.259429
-2.14804
0.249926
0.515597
1.58271
0.273451
-0.737599
-0.0570451
-0.936927
-1.38445
1.61436
-0.47178
0.999151
0.91528
-0.824783
0.490625
-1.24053
1.00733
0.398481
-1.54752
-1.37029
0.175449
2.14602
0.562566
-1.27911
0.194523
0.679597
0.388295
0.693779
1.86691
1.19567
-0.0368696
-0.888041
1.83887
-0.552537
0.545134
-0.374044
-0.384385
0.496448
1.31518
-1.59883
0.131822
0.253744
-1.92651
-0.581285
0.38606
0.514836
1.55696
0.883228
-1.23832
-0.792854
-2.34395
-1.5279
1.03489
-1.21664
-0.509028
0.096937
0.953852
-0.393739
1.25227
1.58403
-0.195099
0.23979
0.94118
0.558201
0.405579
-1.27169
0.482146
-0.904256
0.313282
0.0372858
-2.12081
0.446311
-1.14664
0.832206
1.10709
0.589341
0.220171
-0.0317168
-0.458947
1.78985
-0.39848
-0.372856
-0.72209
0.855358
0.416177
-0.558877
0.911544
-0.744276
1.728
-1.03987
1.16907
0.332396
-0.113696
-0.206677
0.770119
0.249738
-1.06043
1.5633
0.833204
-0.989042
-0.86174
-0.797526
0.194004
1.9484
-0.179245
0.665142
-0.781317
-0.495408
-0.189598
-0.320349
-1.07568
-1.11852
0.146742
0.379183
-0.872522
1.22644
-2.29081
-0.288578
1.55652
-0.275823
-1.17062
-1.16165
-2.1612
-0.541156
-0.707293
1.3072
-0.735145
0.364769
-0.0336197
-0.229838
1.49543
-0.752167
-2.55079
-1.04714
-0.271639
-0.0620077
0.448642
0.0450782
0.482661
-0.0418943
-1.39609
-0.170261
0.465596
0.772767
-0.433571
0.390751
0.467152
0.574539
0.776501
-0.56847
-0.827593
0.132116
-1.3583
-0.199183
0.282435
-0.192269
-1.02773
1.17744
-0.623207
-1.55521
-0.26121
-1.12467
0.206362
-0.78053
-1.90045
-0.0983245
-0.262113
1.04871
-0.574548
0.0888401
-0.11104
0.314579
0.982337
0.843899
1.71319
0.636814
-0.678034
-0.139848
1.36912
-0.318583
-0.361224
-0.632078
-0.54032
-0.869775
-1.21604
2.21199
1.18282
0.166016
0.236109
-0.534873
-0.2253
-0.403884
-0.897303
1.50413
-1.04197
0.28782
0.758665
-0.611398
-1.39721
-0.269953
0.0721641
-0.282758
-0.990367
0.544514
0.912738
1.01985
0.775902
-2.24002
-0.726271
0.0262294
0.254081
-0.848144
-1.28807
-0.723952
-1.10423
-0.371572
-0.38853
0.287967
-1.78733
0.52174
0.376819
0.242678
-0.883554
-0.718695
-0.561605
1.32101
-0.586095
-0.63173
1.58645
-0.451854
2.13633
1.71087
-0.457658
1.17784
-0.632
0.624356
-0.577887
0.871681
0.930789
-0.176216
1.64561
0.189931
-0.738457
1.09523
0.974891
0.76277
1.28344
0.304685
-1.65813
-0.816674
0.884096
1.20073
-1.25947
2.71579
-0.293421
-1.29615
0.629189
-0.221097
-0.688098
0.489899
-0.953544
1.39746
-1.62835
0.608115
0.17519
1.76569
-1.54626
1.66589
-0.174582
-0.577222
0.168262
0.634716
-0.664164
0.92124
-0.153959
0.434175
-0.0119724
1.58147
1.06018
0.783949
-0.668931
-0.189585
0.548487
-0.917919
-1.69026
-0.17108
1.91683
1.10725
-1.14339
1.50948
1.25187
-0.225134
1.42369
-1.06213
-0.705811
0.850325
-0.555755
0.647698
0.078486
0.325586
0.84033
0.711101
0.848629
-1.02115
0.64435
-1.06631
-0.581121
-1.3704
-0.0522997
0.997807
0.950817
0.183476
-1.37344
-0.440563
-0.858613
0.658112
-1.7324
-0.713084
-0.724946
-0.532441
-0.0896577
1.11475
-0.0672824
-0.141045
-0.86886
-0.591397
0.288865
-0.148152
-0.893356
-0.492598
0.84835
-0.605371
0.974339
-0.181514
0.323089
-0.108745
-0.0322665
0.893472
0.157619
-1.12168
2.33238
1.08887
2.76352
-0.825347
0.424315
0.929102
1.64773
1.46436
-0.394885
-1.03769
0.196016
-0.205323
1.11152
-1.69346
-0.280443
1.26101
-1.58239
-1.17065
-0.124808
0.483913
1.32425
0.634044
-0.836542
0.341603
0.377862
-0.179456
-1.99318
1.58419
-0.494376
0.578441
-1.74333
-1.96176
0.183709
-0.487985
-0.678595
-0.394543
1.16741
-0.403325
-0.340536
-0.263557
-1.91017
0.216283
0.0578263
-0.0532951
-0.661267
-1.3926
0.753748
1.94853
0.673346
0.753488
-0.170607
-1.23185
-1.09907
0.880766
-0.746586
0.699462
-0.798531
-1.88607
-2.20525
2.79882
-1.77752
-0.802851
-1.91737
0.375735
-0.222836
-0.108566
-0.986626
-0.222402
1.75159
2.50498
1.52427
0.106718
0.505528
0.137164
-0.476891
-0.379197
1.42572
0.962485
0.193469
-0.718047
0.202825
0.475242
-0.445076
0.770416
1.4334
0.0807747
-0.51927
0.284545
0.226708
0.74538
1.94567
0.878358
0.191108
1.75856
-0.700305
1.31131
-0.530814
0.633315
0.282239
-0.734799
0.00565229
0.597309
-1.34179
-0.712773
0.345209
2.10112
-0.404243
-0.894361
-0.97277
0.992035
0.522985
0.386189
1.32991
-2.01635
0.0529391
-0.953228
-0.0857605
0.206832
0.810614
-0.817887
0.783952
0.310083
-0.910844
-0.52075
0.640552
1.74251
1.57979
-0.731109
-1.22118
1.02097
0.217704
0.848857
0.436911
-0.784736
0.165249
1.1356
-1.24476
1.34294
-0.430813
-0.503406
-0.183328
-0.141152
0.260854
-2.00503
0.73314
0.631558
0.910903
0.0635362
0.0578561
0.0119803
2.20911
-1.36103
-0.029216
0.472059
1.11214
-0.335474
-1.01998
0.0572401
0.0996419
-0.438646
-1.06976
0.37853
-0.831871
-2.08459
-1.98483
0.303209
0.391524
0.379204
-0.785186
1.32474
1.33156
0.721177
-1.48032
-0.962104
-0.233331
0.272304
-0.315541
1.26966
0.208469
0.396819
-1.30371
0.403632
-0.797107
0.145479
0.311092
-0.222061
0.131254
-0.308131
-2.17516
-1.28344
0.112208
-0.90431
0.765591
-0.185541
-0.120586
-1.00442
-0.907973
-0.773183
-0.191836
-0.168669
-0.904292
1.2334
-0.00546987
0.844909
0.565399
1.57993
-0.607684
-0.0823578
-0.0374713
-0.630431
1.75974
0.510121
-0.624324
0.345884
0.159208
-0.0494243
-3.15624
0.982688
1.027
1.17071
-0.307726
-0.0694655
0.772967
-1.56112
-0.981894
1.69553
1.2587
-0.0644876
0.840026
-0.94502
-1.10791
0.591154
-1.85657
-0.298875
-1.89691
-0.383003
0.417205
-0.814459
0.403051
-0.959761
-0.807104
-2.98778
0.17849
0.434495
1.40534
-0.0648967
-1.3033
-0.755074
-0.46324
1.10826
2.24631
0.0670585
0.323967
0.06192
-0.156587
-1.21846
-0.583703
-1.16854
-0.810358
-0.182219
1.19937
-0.582947
-1.24171
-0.932451
-1.04349
0.26148
0.354374
0.0222372
0.0763753
-0.924178
1.54245
0.305423
1.4423
0.824096
-0.2926
-1.68511
-1.02211
-0.241361
1.13499
-0.0996003
-0.406766
1.74959
-0.697589
0.0142973
-1.38322
-0.44938
0.802763
-0.820837
0.936007
2.28905
-1.72649
0.630873
0.616073
1.7016
0.409992
0.660611
0.975531
0.065191
2.01794
0.27909
0.385027
-0.597158
-0.788577
-0.956761
2.24662
0.257139
0.30125
-1.52888
0.548616
0.844616
-0.278022
-1.08853
1.25103
2.87602
-1.85363
-1.28609
-0.247289
2.24574
-1.81351
0.292019
0.387915
1.29022
0.192752
0.662408
0.418183
-0.707113
1.202
0.70094
-0.289584
-1.41074
0.362635
-0.417448
1.19488
1.70002
0.41693
-0.0123084
0.796419
-1.24619
0.267216
0.860175
0.387719
-0.611772
0.13345
0.578017
1.76223
0.761722
-1.93061
-0.914008
-1.32291
-0.25861
1.14131
-1.84754
0.288214
0.87896
0.865776
-0.601961
-1.03991
0.0359925
0.695372
-0.192055
0.00531478
-0.811462
-0.150847
0.591677
1.57331
-0.893991
-0.259906
1.62263
-0.208169
0.0457743
1.23638
0.987399
0.0221572
-0.482882
2.11238
-0.215139
-0.166511
-0.437196
-0.477622
-0.0733706
-0.422551
0.0947832
-0.467898
-0.462604
1.97573
0.951186
-0.608736
1.91776
-0.4901
-1.33332
0.490586
-1.2758
-2.76897
-2.13718
-0.425837
-0.342928
0.142854
-0.0670438
-1.00742
0.704448
0.618728
0.814887
-0.868848
-0.294064
-0.550315
1.39745
0.936581
-0.745732
-0.112764
1.33073
0.480744
2.34355
-0.865901
-0.913044
-0.331109
0.448491
0.110804
0.860322
2.07179
-1.88612
0.0832024
-0.758746
1.6322
1.601
0.369462
1.05336
-0.910201
1.23194
-0.868685
1.3521
-0.0695935
0.443185
-0.0282599
0.250337
0.725813
-0.573666
-0.394651
-1.13379
-0.329022
-0.444718
-0.231133
0.539012
0.60125
0.290403
1.15986
-0.788308
-0.0159414
0.393571
1.68312
-1.05748
-0.0573532
-0.930664
-0.325274
1.21221
2.05985
-0.475188
-1.10541
-0.937213
-0.474467
-0.457027
0.902768
0.812222
-1.10846
-0.38315
-0.221997
1.00454
0.198537
0.604568
-0.818516
-1.93522
0.578088
-1.58296
0.355676
-0.9565
-0.745227
-1.11106
-0.568735
0.281373
-1.22036
0.036765
-0.608655
-1.65408
0.836301
-1.9842
0.58709
-0.2871
0.722171
-2.24438
-1.2964
0.724752
0.501287
0.480855
1.37565
-1.47444
0.505172
-0.703945
-0.603531
-0.384764
0.267151
-0.143902
0.178075
0.410552
0.881531
-0.383978
0.497197
-0.807402
0.779865
-1.12512
-0.619962
0.562912
0.606503
-0.360567
-0.564384
-1.12709
1.1088
-0.266206
-1.77327
0.0829323
0.903904
-1.74402
-0.329962
-0.698082
2.30448
-0.454116
1.26088
-0.278597
-1.4993
1.19521
-0.699584
0.277214
-0.454949
0.907001
-1.66394
0.729983
-1.62252
0.596595
-1.08052
-1.47495
0.832111
-1.12429
0.431251
-1.91299
-0.553531
0.19055
0.227691
-1.16309
0.0797028
0.675893
-0.668973
-1.86492
-1.03231
0.817826
-0.66745
0.343504
-0.434286
1.63546
1.13283
-0.422086
0.479703
1.95243
1.7946
-0.318529
1.3355
-0.68734
-0.517587
0.81657
-0.734344
0.228914
0.373181
-0.480561
-0.0310552
-0.763323
0.0472973
0.103884
-1.92597
0.893029
0.290356
-0.622915
0.390563
2.43769
-0.506149
-0.312656
0.224824
0.380221
0.051892
0.106924
-0.232957
1.22972
-0.644859
0.742221
0.427106
-0.867723
0.330841
0.113227
-0.0165177
-3.69128
2.36427
0.351384
0.141223
1.30169
-1.40842
1.22386
-1.69823
-0.535675
-0.775056
-1.7068
1.02033
-0.134355
-1.00965
0.379355
0.750381
-0.215292
0.761437
1.65085
0.445582
0.245458
-1.50038
-0.345774
0.474805
-0.747967
-0.365595
-2.68306
-0.898919
1.90107
-0.174272
-2.33395
-0.237558
-0.627603
0.932982
1.13561
0.795519
-0.170233
-0.242577
-0.51465
1.05383
0.783845
0.776027
-0.387622
-1.13873
1.26815
-1.35143
-0.017972
-1.05823
0.0812157
-0.76959
2.05276
-1.70373
-0.0178006
-0.769226
0.906014
-0.577741
0.625882
0.696436
0.0531863
0.991048
-0.965213
-0.0273548
1.56123
0.0237276
-0.259429
-2.14804
0.249926
0.515597
1.58271
0.273451
-0.737599
-0.0570451
-0.936927
-1.38445
1.61436
-0.47178
0.999151
0.91528
-0.824783
0.490625
-1.24053
1.00733
0.398481
-1.54752
-1.37029
0.175449
2.14602
0.562566
-1.27911
0.194523
0.679597
0.388295
0.693779
1.86691
1.19567
-0.0368696
-0.888041
1.83887
-0.552537
0.545134
-0.374044
-0.384385
0.496448
1.31518
-1.59883
0.131822
0.253744
-1.92651
-0.581285
0.38606
0.514836
1.55696
0.883228
-1.23832
-0.792854
-2.34395
-1.5279
1.03489
-1.21664
-0.509028
0.096937
0.953852
-0.393739
1.25227
1.58403
-0.195099
0.23979
0.94118
0.558201
0.405579
-1.27169
0.482146
-0.904256
0.313282
0.0372858
-2.12081
0.446311
-1.14664
0.832206
1.10709
0.589341
0.220171
-0.0317168
-0.458947
1.78985
-0.39848
-0.372856
-0.72209
0.855358
0.416177
-0.558877
0.911544
-0.744276
1.728
-1.03987
1.16907
0.332396
-0.113696
-0.206677
0.770119
0.249738
-1.06043
1.5633
0.833204
-0.989042
-0.86174
-0.797526
0.194004
1.9484
-0.179245
0.665142
-0.781317
-0.495408
-0.189598
-0.320349
-1.07568
-1.11852
0.146742
0.379183
-0.872522
1.22644
-2.29081
-0.288578
1.55652
-0.275823
-1.17062
-1.16165
-2.1612
-0.541156
-0.707293
1.3072
-0.735145
0.364769
-0.0336197
-0.229838
1.49543
-0.752167
-2.55079
-1.04714
-0.271639
-0.0620077
0.448642
0.0450782
0.482661
-0.0418943
-1.39609
-0.170261
0.465596
0.772767
-0.433571
0.390751
0.467152
0.574539
0.776501
-0.56847
-0.827593
0.132116
-1.3583
-0.199183
0.282435
-0.192269
-1.02773
1.17744
-0.623207
-1.55521
-0.26121
-1.12467
0.206362
-0.78053
-1.90045
-0.0983245
-0.262113
1.04871
-0.574548
0.0888401
-0.11104
0.314579
0.982337
0.843899
1.71319
0.636814
-0.678034
-0.139848
1.36912
-0.318583
-0.361224
-0.632078
-0.54032
-0.869775
-1.21604
2.21199
1.18282
0.166016
0.236109
-0.534873
-0.2253
-0.403884
-0.897303
1.50413
-1.04197
0.28782
0.758665
-0.611398
-1.39721
-0.269953
0.0721641
-0.282758
-0.990367
0.544514
0.912738
1.01985
0.775902
-2.24002
-0.726271
0.0262294
0.254081
-0.848144
-1.28807
-0.723952
-1.10423
-0.371572
-0.38853
0.287967
-1.78733
0.52174
0.376819
0.242678
-0.883554
-0.718695
-0.561605
1.32101
-0.586095
-0.63173
1.58645
-0.451854
2.13633
1.71087
-0.457658
1.17784
-0.632
0.624356
-0.577887
0.871681
0.930789
-0.176216
1.64561
0.189931
-0.738457
1.09523
0.974891
0.76277
1.28344
0.304685
-1.65813
-0.816674
0.884096
1.20073
-1.25947
2.71579
-0.293421
-1.29615
0.629189
-0.221097
-0.688098
0.489899
-0.953544
1.39746
-1.62835
0.608115
0.17519
1.76569
-1.54626
1.66589
-0.174582
-0.577222
0.168262
0.634716
-0.664164
0.92124
-0.153959
0.434175
-0.0119724
1.58147
1.06018
0.783949
-0.668931
-0.189585
0.548487
-0.917919
-1.69026
-0.17108
1.91683
1.10725
-1.14339
1.50948
1.25187
-0.225134
1.42369
-1.06213
-0.705811
0.850325
-0.555755
0.647698
0.078486
0.325586
0.84033
0.711101
0.848629
-1.02115
0.64435
-1.06631
-0.581121
-1.3704
-0.0522997
0.997807
0.950817
0.183476
-1.37344
-0.440563
-0.858613
0.658112
-1.7324
-0.713084
-0.724946
-0.532441
-0.0896577
1.11475
-0.0672824
-0.141045
-0.86886
-0.591397
0.288865
-0.148152
-0.893356
-0.492598
0.84835
-0.605371
0.974339
-0.181514
0.323089
-0.108745
-0.0322665
0.893472
0.157619
-1.12168
2.33238
1.08887
2.76352
-0.825347
0.424315
0.929102
1.64773
1.46436
-0.394885
-1.03769
0.196016
-0.205323
1.11152
-1.69346
-0.280443
1.26101
-1.58239
-1.17065
-0.124808
0.483913
1.32425
0.634044
-0.836542
0.341603
0.377862
-0.179456
-1.99318
1.58419
-0.494376
0.578441
-1.74333
-1.96176
0.183709
-0.487985
-0.678595
-0.394543
1.16741
-0.403325
-0.340536
-0.263557
-1.91017
0.216283
0.0578263
-0.0532951
-0.661267
-1.3926
0.753748
1.94853
0.673346
0.753488
-0.170607
-1.23185
-1.09907
0.880766
-0.746586
0.699462
-0.798531
-1.88607
-2.20525
2.79882
-1.77752
-0.802851
-1.91737
0.375735
-0.222836
-0.108566
-0.986626
-0.222402
1.75159
2.50498
1.52427
0.106718
0.505528
0.137164
-0.476891
-0.379197
1.42572
0.962485
0.193469
-0.718047
0.202825
0.475242
-0.445076
0.770416
1.4334
0.0807747
-0.51927
0.284545
0.226708
0.74538
1.94567
0.878358
0.191108
1.75856
-0.700305
1.31131
-0.530814
0.633315
0.282239
-0.734799
0.00565229
0.597309
-1.34179
-0.712773
0.345209
2.10112
-0.404243
-0.894361
-0.97277
0.992035
0.522985
0.386189
1.32991
-2.01635
0.0529391
-0.953228
-0.0857605
0.206832
0.810614
-0.817887
0.783952
0.310083
-0.910844
-0.52075
0.640552
1.74251
1.57979
-0.731109
-1.22118
1.02097
0.217704
0.848857
0.436911
-0.784736
0.165249
1.1356
-1.24476
1.34294
-0.430813
-0.503406
-0.183328
-0.141152
0.260854
-2.00503
0.73314
0.631558
0.910903
0.0635362
0.0578561
0.0119803
2.20911
-1.36103
-0.029216
0.472059
1.11214
-0.335474
-1.01998
0.0572401
0.0996419
-0.438646
-1.06976
0.37853
-0.831871
-2.08459
-1.98483
0.303209
0.391524
0.379204
-0.785186
1.32474
1.33156
0.721177
-1.48032
-0.962104
-0.233331
0.272304
-0.315541
1.26966
0.208469
0.396819
-1.30371
0.403632
-0.797107
0.145479
0.311092
-0.222061
0.131254
-0.308131
-2.17516
-1.28344
0.112208
-0.90431
0.765591
-0.185541
-0.120586
-1.00442
-0.907973
-0.773183
-0.191836
-0.168669
-0.904292
1.2334
-0.00546987
0.844909
0.565399
1.57993
-0.607684
-0.0823578
-0.0374713
-0.630431
1.75974
0.510121
-0.624324
0.345884
0.159208
-0.0494243
-3.15624
0.982688
1.027
1.17071
-0.307726
-0.0694655
0.772967
-1.56112
-0.981894
1.69553
1.2587
-0.0644876
0.840026
-0.94502
-1.10791
0.591154
-1.85657
-0.298875
-1.89691
-0.383003
0.417205
-0.814459
0.403051
-0.959761
-0.807104
-2.98778
0.17849
0.434495
1.40534
-0.0648967
-1.3033
-0.755074
-0.46324
1.10826
2.24631
0.0670585
0.323967
0.06192
-0.156587
-1.21846
-0.583703
-1.16854
-0.810358
-0.182219
1.19937
-0.582947
-1.24171
-0.932451
-1.04349
0.26148
0.354374
0.0222372
0.0763753
-0.924178
1.54245
0.305423
1.4423
0.824096
-0.2926
-1.68511
-1.02211
-0.241361
1.13499
-0.0996003
-0.406766
1.74959
-0.697589
0.0142973
-1.38322
-0.44938
0.802763
-0.820837
0.936007
2.28905
-1.72649
0.630873
0.616073
1.7016
0.409992
0.660611
0.975531
0.065191
2.01794
0.27909
0.385027
-0.597158
-0.788577
-0.956761
2.24662
0.257139
0.30125
-1.52888
0.548616
0.844616
-0.278022
-1.08853
1.25103
2.87602
-1.85363
-1.28609
-0.247289
2.24574
-1.81351
0.292019
0.387915
1.29022
0.192752
0.662408
0.418183
-0.707113
1.202
0.70094
-0.289584
-1.41074
0.362635
-0.417448
1.19488
1.70002
0.41693
-0.0123084
0.796419
-1.24619
0.267216
0.860175
0.387719
-0.611772
0.13345
0.578017
1.76223
0.761722
-1.93061
-0.914008
-1.32291
-0.25861
1.14131
-1.84754
0.288214
0.87896
0.865776
-0.601961
-1.03991
0.0359925
0.695372
-0.192055
0.00531478
-0.811462
-0.150847
0.591677
1.57331
-0.893991
-0.259906
1.62263
-0.208169
0.0457743
1.23638
0.987399
0.0221572
-0.482882
2.11238
-0.215139
-0.166511
-0.437196
-0.477622
-0.0733706
-0.422551
0.0947832
-0.467898
-0.462604
1.97573
0.951186
-0.608736
1.91776
-0.4901
-1.33332
0.490586
-1.2758
-2.76897
-2.13718
-0.425837
-0.342928
0.142854
-0.0670438
-1.00742
0.704448
0.618728
0.814887
-0.868848
-0.294064
-0.550315
1.39745
0.936581
-0.745732
-0.112764
1.33073
0.480744
2.34355
-0.865901
-0.913044
-0.331109
0.448491
0.110804
0.860322
2.07179
-1.88612
0.0832024
-0.758746
1.6322
1.601
0.369462
1.05336
-0.910201
1.23194
-0.868685
1.3521
-0.0695935
0.443185
-0.0282599
0.250337
0.725813
-0.573666
-0.394651
-1.13379
-0.329022
-0.444718
-0.231133
0.539012
0.60125
0.290403
1.15986
-0.788308
-0.0159414
0.393571
1.68312
-1.05748
-0.0573532
-0.930664
-0.325274
1.21221
2.05985
-0.475188
-1.10541
-0.937213
-0.474467
-0.457027
0.902768
0.812222
-1.10846
-0.38315
-0.221997
1.00454
0.198537
0.604568
-0.818516
-1.93522
0.578088
-1.58296
0.355676
-0.9565
-0.745227
-1.11106
-0.568735
0.281373
-1.22036
0.036765
-0.608655
-1.65408
0.836301
-1.9842
0.58709
-0.2871
0.722171
-2.24438
-1.2964
0.724752
0.501287
0.480855
1.37565
-1.47444
0.505172
-0.703945
-0.603531
-0.384764
0.267151
-0.143902
0.178075
0.410552
0.881531
-0.383978
0.497197
-0.807402
0.779865
-1.12512
-0.619962
0.562912
0.606503
-0.360567
-0.564384
-1.12709
1.1088
-0.266206
-1.77327
0.0829323
0.903904
-1.74402
-0.329962
-0.698082
2.30448
-0.454116
1.26088
-0.278597
-1.4993
1.19521
-0.699584
0.277214
-0.454949
0.907001
-1.66394
0.729983
-1.62252
0.596595
-1.08052
-1.47495
0.832111
-1.12429
0.431251
-1.91299
-0.553531
0.19055
0.227691
-1.16309
0.0797028
0.675893
-0.668973
-1.86492
-1.03231
0.817826
-0.66745
0.343504
-0.434286
1.63546
1.13283
-0.422086
0.479703
1.95243
1.7946
-0.318529
1.3355
-0.68734
-0.517587
0.81657
-0.734344
0.228914
0.373181
-0.480561
-0.0310552
-0.763323
0.0472973
0.103884
-1.92597
0.893029
0.290356
-0.622915
0.390563
2.43769
-0.506149
-0.312656
0.224824
0.380221
0.051892
0.106924
-0.232957
1.22972
-0.644859
0.742221
0.427106
-0.867723
0.330841
0.113227
-0.0165177
-3.69128
2.36427
0.351384
0.141223
1.30169
-1.40842
1.22386
-1.69823
-0.535675
-0.775056
-1.7068
1.02033
-0.134355
-1.00965
0.379355
0.750381
-0.215292
0.761437
1.65085
0.445582
0.245458
-1.50038
-0.345774
0.474805
-0.747967
-0.365595
-2.68306
-0.898919
1.90107
-0.174272
-2.33395
-0.237558
-0.627603
0.932982
1.13561
0.795519
-0.170233
-0.242577
-0.51465
1.05383
0.783845
0.776027
-0.387622
-1.13873
1.26815
-1.35143
-0.017972
-1.05823
0.0812157
-0.76959
2.05276
-1.70373
-0.0178006
-0.769226
0.906014
