1.75743
-0.779468
-0.655131
0.0675373
-0.185167
-0.635444
-0.958636
0.375752
-0.167039
0.424772
-0.398161
-1.61648
0.457856
1.00693
0.324816
0.646987
1.29935
-0.738706
-1.0237
-0.744132
0.100204
-1.14246
1.32372
0.797506
1.28344
-0.76691
-0.153284
2.07652
0.141279
0.0651381
-1.45588
0.666946
-0.886536
-0.878526
-1.24753
-0.55922
0.626517
0.289961
-0.470245
-1.54763
-2.397
0.881181
-0.0641148
1.14715
-0.791623
-0.947458
0.532413
-0.0456159
-0.0168358
-0.571109
-0.767805
1.61065
0.248792
-0.21931
-0.943369
-0.103503
-0.0539423
-0.121435
-0.446845
0.396177
1.05118
-0.333635
-0.543593
0.149824
0.51017
0.77166
0.822504
0.208697
0.161026
-0.664687
-0.550404
0.242259
0.222244
-1.69276
0.769331
0.715509
-0.838497
-0.116513
-0.293328
0.807384
-0.126126
-0.214866
0.000883735
-0.48394
-0.257021
0.872935
1.58347
-0.187887
-0.269181
-1.5439
0.754875
-1.31225
1.07183
-1.2653
0.390106
-0.198785
0.509144
0.377334
-1.45415
0.454575
0.362057
0.456606
1.48277
0.339919
-0.590751
-0.352413
0.722936
-0.585485
-2.00002
-0.530826
-1.35153
-0.805497
-1.27549
1.37073
0.665656
0.0568319
1.13457
0.413464
0.0135892
1.06764
-0.187247
0.441643
0.312583
-0.169632
-0.201992
-0.346795
0.540562
0.362867
-1.76505
2.52677
-0.244633
1.81039
-0.460768
1.53328
0.416951
-1.27193
-0.37673
-0.103658
-1.51102
-1.42223
-0.874207
-0.653949
1.25196
-0.548569
0.159348
0.575439
0.974051
0.302513
0.0741809
1.66985
0.49822
0.0470617
-0.0260849
0.85723
1.40819
0.794402
-2.14925
-0.603352
-0.511894
0.374818
-0.330777
-2.94163
-0.0682462
0.262516
0.397641
0.245248
0.575183
-0.990299
0.42616
1.8341
-0.275435
-1.87968
-0.521641
0.858236
-0.258843
-0.0230842
-0.807594
1.76388
-0.0357813
-2.08869
0.658345
-0.998146
0.337508
-0.344577
0.944021
-1.01588
-0.912069
-0.863749
2.25409
0.639722
-1.41161
-0.960186
-1.45729
-0.317288
0.855217
0.833762
-1.76518
1.05701
1.31296
1.11038
-3.09355
0.265184
-0.0734853
0.488035
0.703943
-0.971893
0.829892
-0.0230247
0.646699
-0.524944
-1.46068
0.907378
-0.862032
0.445639
0.759127
0.204068
0.392646
-1.86166
2.2071
-0.661214
0.65989
-0.358877
-0.399
1.63432
-0.967283
-0.83342
0.337299
-0.0350821
0.681279
0.5081
0.711684
0.554498
-0.358737
0.600137
0.702944
0.818
-0.312844
-0.649966
-1.40592
0.594516
1.37053
0.720146
-0.897622
-0.341857
0.501638
0.0448729
0.883112
-1.06673
-0.639771
0.105893
-1.40754
0.152259
-0.679599
-0.353151
-0.266345
1.06544
-1.0832
-0.55655
-1.79249
0.7096
-1.8189
-1.90212
-0.123632
-0.428793
-1.97886
1.80898
0.557844
-0.649677
-0.139844
0.208384
0.86741
-0.126943
0.29689
-1.88552
-1.02338
0.875158
0.575166
0.262196
-0.129638
0.974226
-2.10587
-0.738896
0.939133
-0.102789
0.731548
0.15804
0.796876
-0.0695179
2.20711
0.896053
-0.182153
1.62807
-0.820371
0.999122
0.845197
0.479663
-0.813229
-0.982833
0.44776
-0.224351
0.94289
1.93173
-0.157397
0.507084
-0.962453
1.3313
-0.750477
-0.780786
-0.279905
-0.229563
0.878128
0.165434
-0.765703
2.60571
0.184495
-1.22743
-0.0681609
0.769901
-0.901929
0.517637
2.03238
0.182268
0.018131
0.138616
1.27728
-0.191847
-0.314097
-0.62572
0.140196
-1.28494
0.877052
1.09983
0.547623
-0.844511
2.07121
1.62873
0.506825
0.398021
-0.404444
-0.391466
-0.554523
0.156557
0.550901
-1.27478
0.533881
0.520608
0.719056
-0.833553
0.730392
0.339627
-1.68351
1.52597
0.085143
-0.556171
0.192824
-0.68308
0.246422
0.950087
1.41469
0.433748
0.0246068
1.01897
-0.405919
-1.85053
-1.49746
-0.120462
0.827272
-0.553237
1.3293
0.018401
-2.10193
-0.257214
-0.861706
1.32318
-1.35664
0.965934
0.269104
-1.03189
-0.746255
0.198318
-0.110972
-0.961254
-1.17047
0.932799
-0.13034
-0.0596762
0.910922
0.169364
-0.442024
1.05223
-0.468161
0.253065
0.157118
-2.07209
-1.33994
-0.286983
-0.037449
0.379876
1.88018
-0.0574251
0.186664
1.48066
0.422805
-0.207879
-0.331294
-0.398868
-0.332765
-1.47945
-0.89217
0.666507
-0.230833
0.471597
1.35046
1.57142
-0.975687
1.98256
-0.726495
-1.01447
-2.92938
-0.31999
0.174596
-0.36539
1.64179
0.760979
-0.19889
1.98782
1.27649
0.895913
0.206791
0.894954
0.549811
0.50004
0.75108
-1.14398
0.918437
-1.64396
1.22931
-0.708576
0.227422
-0.610969
0.5523
-0.309866
-0.589188
0.646675
-1.09552
-0.085977
1.24928
0.909356
0.704984
-0.487881
-0.476885
-1.76379
-0.564864
-1.0061
-0.53937
1.12312
0.137114
0.665459
0.00785192
-2.0617
-0.80944
0.824451
1.94502
0.408953
-0.781724
-0.292415
0.159924
-0.0519313
0.775984
1.61631
0.205519
-0.380726
-0.307876
-1.63387
1.61922
-0.65878
1.13686
0.809409
-1.25199
-1.59006
-1.79931
0.329453
-1.33344
-1.15932
1.75692
0.0654897
-0.7513
-1.7576
0.6067
1.19935
0.170157
0.174882
0.901712
-0.935384
-1.32882
0.278886
-1.11684
-0.78702
-0.0771299
1.78805
-1.96426
-1.03754
0.968684
0.277777
-0.608753
1.37548
1.12215
2.29392
1.05191
2.15036
-0.241713
-1.36821
1.26375
0.16058
1.2243
0.274835
-1.34215
0.0915208
-0.847209
2.2782
0.686454
1.23386
-0.608716
-0.841311
0.139403
-0.979665
1.47591
0.598786
-0.25995
0.123791
1.30964
-1.23558
0.0923641
1.26292
-0.352138
0.102594
0.986775
-1.44463
0.649837
0.404809
0.974674
1.0258
-0.791359
0.353424
-0.898821
1.19911
0.642749
-0.0260975
-1.02177
-0.532988
0.606941
-0.958726
0.894841
-0.358062
1.26315
-0.569709
-2.14419
-0.21281
0.880805
1.39332
-1.47827
-1.53134
0.530927
0.822913
1.19992
-1.9432
-0.315202
-1.75489
1.33043
1.40476
-0.0364602
0.598176
0.720549
0.886221
0.0413273
0.914984
0.895936
2.03946
0.3837
-0.185507
1.23829
-1.10001
0.213515
-1.58889
1.27016
0.533189
1.83253
0.659577
1.10053
-0.363514
0.252265
-0.465218
0.535704
0.738649
0.596168
-0.745873
-1.34738
0.418452
0.387072
-0.179641
-0.244917
0.97868
-0.246724
-0.303591
-0.255907
1.38368
-0.759058
0.680448
-1.29018
-1.9058
-0.775713
0.788605
0.435261
-1.30146
0.387872
-1.83891
0.83295
1.01357
-1.39921
1.47578
-0.620053
0.140396
-0.00170208
-0.907065
-2.33432
1.07951
0.202036
-0.321634
0.523057
-0.0688026
0.469266
-0.388855
-0.795269
0.91536
0.369664
1.59473
0.325491
-0.300461
1.41845
-1.5204
1.34601
-0.473507
-0.0735991
-0.884704
-0.445734
1.41684
0.978781
-0.425608
1.6896
1.08337
0.239892
0.217088
0.884756
0.633124
-0.0284098
1.43655
0.913755
1.30946
0.0216308
-1.20552
-0.389222
0.0979361
2.12507
1.55428
-0.443718
-1.1792
1.56049
0.879308
-0.982945
0.0332951
1.05961
0.570115
0.213605
-1.82141
0.819531
0.573607
0.657403
-0.671727
-0.606995
-0.320726
0.531381
-0.277637
0.769576
-0.0323303
1.02893
-0.198339
-0.42228
-0.817828
0.959322
1.56597
0.666856
2.08971
-0.000453859
0.310764
0.671813
-2.06796
0.0550122
-1.69088
0.375656
-0.712819
-0.798893
-0.639248
-0.779319
0.516279
0.860145
-0.75085
0.198285
-1.28886
-2.04106
-0.226421
-0.602959
-1.16479
0.42829
-0.305093
-0.28206
0.741782
-1.55214
-0.129869
-0.521432
-0.434061
0.019248
-1.10478
0.749233
-0.335803
-0.235522
-1.43608
-0.428607
1.14882
-1.47693
0.0737517
-1.24309
-1.70838
-0.628242
0.726243
-0.532611
-0.140089
1.16486
0.200959
1.65081
-0.112446
-1.97278
-0.366396
-1.02021
-0.56093
0.143086
1.13711
-1.53833
0.491935
-0.548194
0.745673
-0.836182
0.0183386
-0.217589
-0.441266
-1.2546
-0.0738745
0.136455
0.101486
1.11422
1.17984
-0.874066
0.415977
-0.107023
-1.31674
-0.166766
1.74758
-0.0980953
-0.941517
0.966754
-2.3071
0.231684
-0.967319
-1.41323
-0.572542
0.377327
0.531628
-0.550901
-0.97851
-1.53167
2.00907
0.546823
1.04669
2.55699
-0.726855
-0.514708
-2.11652
0.413732
1.35543
-0.247872
1.86835
-0.722417
1.06916
-0.883927
1.40463
1.95235
0.208446
0.194474
-0.958529
2.05746
-0.354153
-0.261231
-2.97248
-0.787602
-1.27257
-2.03995
-1.20652
0.671995
-0.209543
1.17598
1.81377
-2.20064
-2.06231
1.90989
-0.997976
-0.407607
-0.26968
0.124588
1.69166
0.446141
-0.507151
1.02251
0.560894
-1.39504
0.440061
-0.212504
-0.814589
-0.697579
1.00427
-0.30397
-0.143826
0.933869
-0.471718
-0.506143
-1.33277
0.4121
-1.1949
-0.747276
-0.284722
-0.492112
-0.402116
-0.257999
-0.762817
-1.86582
-0.180199
-0.54547
-0.761056
-0.834425
0.0934002
-0.485471
-1.10328
-0.104159
1.82537
1.53509
0.102861
-0.0627159
1.0037
-0.80894
-0.374279
0.684041
-0.618984
0.218432
0.544253
-0.458629
-0.455342
0.982398
0.40044
1.24798
-1.362
0.0324617
1.32936
0.419391
0.357422
-0.716686
0.181332
-0.432202
-1.36913
1.30793
-1.48013
-0.755667
-0.771794
1.42297
1.54357
-0.173534
0.11799
1.28339
0.381998
-0.24262
-0.00285077
2.13408
-0.978024
0.535609
-1.02546
1.31096
0.14735
0.41299
0.0973303
-1.42508
-1.00088
-0.885023
0.539533
-0.850617
0.0871997
2.01437
-0.31833
1.31985
0.492761
0.0420222
-0.13895
-0.315162
1.67593
-0.585078
-0.574816
0.0283333
-0.242857
-1.0052
-0.314504
-1.06114
-0.20825
0.0958926
-1.46043
1.69717
0.0190109
-1.04019
-1.28501
0.00521999
1.69229
-0.375421
0.830364
-0.405228
2.35931
-0.962039
1.25709
-1.4639
-1.7419
-1.6251
-0.493099
0.519365
-0.314776
0.107425
-0.0320669
0.463953
0.113543
0.378837
-1.45728
-1.20696
0.724046
0.707815
-0.0971875
0.75351
1.51799
-1.56697
-2.39303
-0.654949
-0.369283
0.607427
-1.26838
0.906742
0.493444
1.49286
0.116172
0.349679
2.36232
0.800047
-0.722091
1.34517
0.59137
0.680237
-0.371651
1.70619
-1.45109
-1.65021
-0.842218
-1.16879
-0.277247
-0.441179
0.837425
0.484666
1.4636
0.841487
0.854429
-0.624438
0.650717
0.661403
-0.313471
-2.1642
-0.382867
-1.78822
-0.250747
0.638991
0.520897
0.091488
-1.61162
0.967734
0.893867
1.44374
-1.58942
-0.599934
0.630055
-0.0882622
-0.330533
1.75743
-0.779468
-0.655131
0.0675373
-0.185167
-0.635444
-0.958636
0.375752
-0.167039
0.424772
-0.398161
-1.61648
0.457856
1.00693
0.324816
0.646987
1.29935
-0.738706
-1.0237
-0.744132
0.100204
-1.14246
1.32372
0.797506
1.28344
-0.76691
-0.153284
2.07652
0.141279
0.0651381
-1.45588
0.666946
-0.886536
-0.878526
-1.24753
-0.55922
0.626517
0.289961
-0.470245
-1.54763
-2.397
0.881181
-0.0641148
1.14715
-0.791623
-0.947458
0.532413
-0.0456159
-0.0168358
-0.571109
-0.767805
1.61065
0.248792
-0.21931
-0.943369
-0.103503
-0.0539423
-0.121435
-0.446845
0.396177
1.05118
-0.333635
-0.543593
0.149824
0.51017
0.77166
0.822504
0.208697
0.161026
-0.664687
-0.550404
0.242259
0.222244
-1.69276
0.769331
0.715509
-0.838497
-0.116513
-0.293328
0.807384
-0.126126
-0.214866
0.000883735
-0.48394
-0.257021
0.872935
1.58347
-0.187887
-0.269181
-1.5439
0.754875
-1.31225
1.07183
-1.2653
0.390106
-0.198785
0.509144
0.377334
-1.45415
0.454575
0.362057
0.456606
1.48277
0.339919
-0.590751
-0.352413
0.722936
-0.585485
-2.00002
-0.530826
-1.35153
-0.805497
-1.27549
1.37073
0.665656
0.0568319
1.13457
0.413464
0.0135892
1.06764
-0.187247
0.441643
0.312583
-0.169632
-0.201992
-0.346795
0.540562
0.362867
-1.76505
2.52677
-0.244633
1.81039
-0.460768
1.53328
0.416951
-1.27193
-0.37673
-0.103658
-1.51102
-1.42223
-0.874207
-0.653949
1.25196
-0.548569
0.159348
0.575439
0.974051
0.302513
0.0741809
1.66985
0.49822
0.0470617
-0.0260849
0.85723
1.40819
0.794402
-2.14925
-0.603352
-0.511894
0.374818
-0.330777
-2.94163
-0.0682462
0.262516
0.397641
0.245248
0.575183
-0.990299
0.42616
1.8341
-0.275435
-1.87968
-0.521641
0.858236
-0.258843
-0.0230842
-0.807594
1.76388
-0.0357813
-2.08869
0.658345
-0.998146
0.337508
-0.344577
0.944021
-1.01588
-0.912069
-0.863749
2.25409
0.639722
-1.41161
-0.960186
-1.45729
-0.317288
0.855217
0.833762
-1.76518
1.05701
1.31296
1.11038
-3.09355
0.265184
-0.0734853
0.488035
0.703943
-0.971893
0.829892
-0.0230247
0.646699
-0.524944
-1.46068
0.907378
-0.862032
0.445639
0.759127
0.204068
0.392646
-1.86166
2.2071
-0.661214
0.65989
-0.358877
-0.399
1.63432
-0.967283
-0.83342
0.337299
-0.0350821
0.681279
0.5081
0.711684
0.554498
-0.358737
0.600137
0.702944
0.818
-0.312844
-0.649966
-1.40592
0.594516
1.37053
0.720146
-0.897622
-0.341857
0.501638
0.0448729
0.883112
-1.06673
-0.639771
0.105893
-1.40754
0.152259
-0.679599
-0.353151
-0.266345
1.06544
-1.0832
-0.55655
-1.79249
0.7096
-1.8189
-1.90212
-0.123632
-0.428793
-1.97886
1.80898
0.557844
-0.649677
-0.139844
0.208384
0.86741
-0.126943
0.29689
-1.88552
-1.02338
0.875158
0.575166
0.262196
-0.129638
0.974226
-2.10587
-0.738896
0.939133
-0.102789
0.731548
0.15804
0.796876
-0.0695179
2.20711
0.896053
-0.182153
1.62807
-0.820371
0.999122
0.845197
0.479663
-0.813229
-0.982833
0.44776
-0.224351
0.94289
1.93173
-0.157397
0.507084
-0.962453
1.3313
-0.750477
-0.780786
-0.279905
-0.229563
0.878128
0.165434
-0.765703
2.60571
0.184495
-1.22743
-0.0681609
0.769901
-0.901929
0.517637
2.03238
0.182268
0.018131
0.138616
1.27728
-0.191847
-0.314097
-0.62572
0.140196
-1.28494
0.877052
1.09983
0.547623
-0.844511
2.07121
1.62873
0.506825
0.398021
-0.404444
-0.391466
-0.554523
0.156557
0.550901
-1.27478
0.533881
0.520608
0.719056
-0.833553
0.730392
0.339627
-1.68351
1.52597
0.085143
-0.556171
0.192824
-0.68308
0.246422
0.950087
1.41469
0.433748
0.0246068
1.01897
-0.405919
-1.85053
-1.49746
-0.120462
0.827272
-0.553237
1.3293
0.018401
-2.10193
-0.257214
-0.861706
1.32318
-1.35664
0.965934
0.269104
-1.03189
-0.746255
0.198318
-0.110972
-0.961254
-1.17047
0.932799
-0.13034
-0.0596762
0.910922
0.169364
-0.442024
1.05223
-0.468161
0.253065
0.157118
-2.07209
-1.33994
-0.286983
-0.037449
0.379876
1.88018
-0.0574251
0.186664
1.48066
0.422805
-0.207879
-0.331294
-0.398868
-0.332765
-1.47945
-0.89217
0.666507
-0.230833
0.471597
1.35046
1.57142
-0.975687
1.98256
-0.726495
-1.01447
-2.92938
-0.31999
0.174596
-0.36539
1.64179
0.760979
-0.19889
1.98782
1.27649
0.895913
0.206791
0.894954
0.549811
0.50004
0.75108
-1.14398
0.918437
-1.64396
1.22931
-0.708576
0.227422
-0.610969
0.5523
-0.309866
-0.589188
0.646675
-1.09552
-0.085977
1.24928
0.909356
0.704984
-0.487881
-0.476885
-1.76379
-0.564864
-1.0061
-0.53937
1.12312
0.137114
0.665459
0.00785192
-2.0617
-0.80944
0.824451
1.94502
0.408953
-0.781724
-0.292415
0.159924
-0.0519313
0.775984
1.61631
0.205519
-0.380726
-0.307876
-1.63387
1.61922
-0.65878
1.13686
0.809409
-1.25199
-1.59006
-1.79931
0.329453
-1.33344
-1.15932
1.75692
0.0654897
-0.7513
-1.7576
0.6067
1.19935
0.170157
0.174882
0.901712
-0.935384
-1.32882
0.278886
-1.11684
-0.78702
-0.0771299
1.78805
-1.96426
-1.03754
0.968684
0.277777
-0.608753
1.37548
1.12215
2.29392
1.05191
2.15036
-0.241713
-1.36821
1.26375
0.16058
1.2243
0.274835
-1.34215
0.0915208
-0.847209
2.2782
0.686454
1.23386
-0.608716
-0.841311
0.139403
-0.979665
1.47591
0.598786
-0.25995
0.123791
1.30964
-1.23558
0.0923641
1.26292
-0.352138
0.102594
0.986775
-1.44463
0.649837
0.404809
0.974674
1.0258
-0.791359
0.353424
-0.898821
1.19911
0.642749
-0.0260975
-1.02177
-0.532988
0.606941
-0.958726
0.894841
-0.358062
1.26315
-0.569709
-2.14419
-0.21281
0.880805
1.39332
-1.47827
-1.53134
0.530927
0.822913
1.19992
-1.9432
-0.315202
-1.75489
1.33043
1.40476
-0.0364602
0.598176
0.720549
0.886221
0.0413273
0.914984
0.895936
2.03946
0.3837
-0.185507
1.23829
-1.10001
0.213515
-1.58889
1.27016
0.533189
1.83253
0.659577
1.10053
-0.363514
0.252265
-0.465218
0.535704
0.738649
0.596168
-0.745873
-1.34738
0.418452
0.387072
-0.179641
-0.244917
0.97868
-0.246724
-0.303591
-0.255907
1.38368
-0.759058
0.680448
-1.29018
-1.9058
-0.775713
0.788605
0.435261
-1.30146
0.387872
-1.83891
0.83295
1.01357
-1.39921
1.47578
-0.620053
0.140396
-0.00170208
-0.907065
-2.33432
1.07951
0.202036
-0.321634
0.523057
-0.0688026
0.469266
-0.388855
-0.795269
0.91536
0.369664
1.59473
0.325491
-0.300461
1.41845
-1.5204
1.34601
-0.473507
-0.0735991
-0.884704
-0.445734
1.41684
0.978781
-0.425608
1.6896
1.08337
0.239892
0.217088
0.884756
0.633124
-0.0284098
1.43655
0.913755
1.30946
0.0216308
-1.20552
-0.389222
0.0979361
2.12507
1.55428
-0.443718
-1.1792
1.56049
0.879308
-0.982945
0.0332951
1.05961
0.570115
0.213605
-1.82141
0.819531
0.573607
0.657403
-0.671727
-0.606995
-0.320726
0.531381
-0.277637
0.769576
-0.0323303
1.02893
-0.198339
-0.42228
-0.817828
0.959322
1.56597
0.666856
2.08971
-0.000453859
0.310764
0.671813
-2.06796
0.0550122
-1.69088
0.375656
-0.712819
-0.798893
-0.639248
-0.779319
0.516279
0.860145
-0.75085
0.198285
-1.28886
-2.04106
-0.226421
-0.602959
-1.16479
0.42829
-0.305093
-0.28206
0.741782
-1.55214
-0.129869
-0.521432
-0.434061
0.019248
-1.10478
0.749233
-0.335803
-0.235522
-1.43608
-0.428607
1.14882
-1.47693
0.0737517
-1.24309
-1.70838
-0.628242
0.726243
-0.532611
-0.140089
1.16486
0.200959
1.65081
-0.112446
-1.97278
-0.366396
-1.02021
-0.56093
0.143086
1.13711
-1.53833
0.491935
-0.548194
0.745673
-0.836182
0.0183386
-0.217589
-0.441266
-1.2546
-0.0738745
0.136455
0.101486
1.11422
1.17984
-0.874066
0.415977
-0.107023
-1.31674
-0.166766
1.74758
-0.0980953
-0.941517
0.966754
-2.3071
0.231684
-0.967319
-1.41323
-0.572542
0.377327
0.531628
-0.550901
-0.97851
-1.53167
2.00907
0.546823
1.04669
2.55699
-0.726855
-0.514708
-2.11652
0.413732
1.35543
-0.247872
1.86835
-0.722417
1.06916
-0.883927
1.40463
1.95235
0.208446
0.194474
-0.958529
2.05746
-0.354153
-0.261231
-2.97248
-0.787602
-1.27257
-2.03995
-1.20652
0.671995
-0.209543
1.17598
1.81377
-2.20064
-2.06231
1.90989
-0.997976
-0.407607
-0.26968
0.124588
1.69166
0.446141
-0.507151
1.02251
0.560894
-1.39504
0.440061
-0.212504
-0.814589
-0.697579
1.00427
-0.30397
-0.143826
0.933869
-0.471718
-0.506143
-1.33277
0.4121
-1.1949
-0.747276
-0.284722
-0.492112
-0.402116
-0.257999
-0.762817
-1.86582
-0.180199
-0.54547
-0.761056
-0.834425
0.0934002
-0.485471
-1.10328
-0.104159
1.82537
1.53509
0.102861
-0.0627159
1.0037
-0.80894
-0.374279
0.684041
-0.618984
0.218432
0.544253
-0.458629
-0.455342
0.982398
0.40044
1.24798
-1.362
0.0324617
1.32936
0.419391
0.357422
-0.716686
0.181332
-0.432202
-1.36913
1.30793
-1.48013
-0.755667
-0.771794
1.42297
1.54357
-0.173534
0.11799
1.28339
0.381998
-0.24262
-0.00285077
2.13408
-0.978024
0.535609
-1.02546
1.31096
0.14735
0.41299
0.0973303
-1.42508
-1.00088
-0.885023
0.539533
-0.850617
0.0871997
2.01437
-0.31833
1.31985
0.492761
0.0420222
-0.13895
-0.315162
1.67593
-0.585078
-0.574816
0.0283333
-0.242857
-1.0052
-0.314504
-1.06114
-0.20825
0.0958926
-1.46043
1.69717
0.0190109
-1.04019
-1.28501
0.00521999
1.69229
-0.375421
0.830364
-0.405228
2.35931
-0.962039
1.25709
-1.4639
-1.7419
-1.6251
-0.493099
0.519365
-0.314776
0.107425
-0.0320669
0.463953
0.113543
0.378837
-1.45728
-1.20696
0.724046
0.707815
-0.0971875
0.75351
1.51799
-1.56697
-2.39303
-0.654949
-0.369283
0.607427
-1.26838
0.906742
0.493444
1.49286
0.116172
0.349679
2.36232
0.800047
-0.722091
1.34517
0.59137
0.680237
-0.371651
1.70619
-1.45109
-1.65021
-0.842218
-1.16879
-0.277247
-0.441179
0.837425
0.484666
1.4636
0.841487
0.854429
-0.624438
0.650717
0.661403
-0.313471
-2.1642
-0.382867
-1.78822
-0.250747
0.638991
0.520897
0.091488
-1.61162
0.967734
0.893867
1.44374
-1.58942
-0.599934
0.630055
-0.0882622
-0.330533
