-0.0588429
0.0467761
-0.558915
-0.581792
0.259495
0.900545
0.967677
-0.235688
0.0469919
-0.943236
1.18368
0.913301
1.14777
1.07428
-0.383538
-0.312678
1.60357
-1.10069
1.42439
0.993226
0.923199
0.646014
0.425747
-0.560286
-0.175293
-0.312684
1.03051
1.02028
-0.597103
-0.251766
-0.593121
0.612578
-0.0515072
0.284243
0.0382232
0.711262
-0.963222
1.15879
-1.1195
-0.747847
-0.186821
-0.124678
-1.52491
0.182328
-0.945566
0.0694206
-1.15282
-0.444762
0.512557
-0.66675
0.658017
-1.11802
-0.0961216
0.164512
-1.8867
-2.57097
-1.54124
0.134878
0.165774
-1.76717
-1.46145
0.54454
1.76772
2.11342
-0.185528
-0.707762
-0.0721769
1.28282
1.34748
2.20969
0.719249
-2.19624
1.24979
0.889087
-1.36921
-0.0617821
-1.63392
0.0678297
2.04433
0.61813
2.25652
-0.934737
-0.0873398
-0.917855
0.440277
-1.45509
0.778362
0.515144
-0.651904
-0.00479531
1.41509
-0.308362
0.0773966
-0.0798791
0.646436
-1.89902
-0.932631
0.650791
0.958864
-0.510436
0.865979
2.21065
-2.68094
0.572535
-0.318663
0.0406674
-1.12938
-0.692659
-0.525124
-0.741124
-2.5842
-0.494999
-0.265305
-1.35821
1.0209
-0.216352
0.295053
-0.847915
0.259674
0.40487
-1.3847
-0.0580502
-1.56245
-0.234792
1.59446
-1.27305
-0.378764
-1.38597
0.641783
0.510078
1.13198
-0.0117134
1.24121
-1.77141
0.387459
-0.254723
1.074
0.781607
-1.64155
-0.96562
-1.27274
0.0822434
1.10074
-1.43769
-0.0674812
1.2764
-2.32746
1.02183
0.861863
1.74254
1.55118
0.682911
0.149467
1.60554
-2.19003
-2.73069
-1.62417
-0.368196
0.276638
-0.286217
0.518975
2.31853
0.284861
0.162409
-2.06449
0.229076
0.269076
1.48377
1.07503
-0.191713
-0.867753
0.0988071
-0.759897
-0.546383
-1.71336
-0.43061
-2.16277
0.237995
0.15263
-0.215034
-0.743123
0.621647
-0.822577
-0.48708
0.507867
1.40765
-0.101851
0.12308
-0.0717889
-0.108959
0.268768
1.13953
-1.632
0.854253
1.0683
0.852095
1.37982
0.910385
0.963075
-0.807921
0.937151
0.486161
0.0513338
0.671539
-0.979512
-0.746079
-0.879805
0.369383
-0.321398
-1.41073
0.198912
-0.058875
-0.900817
-1.19354
0.279065
1.00589
-0.370315
-0.780024
-1.11966
1.23906
-1.36608
0.322655
-0.180953
-0.165955
-1.0228
-0.507793
-0.396401
0.159402
0.723918
1.23969
-1.45514
0.618613
-0.465619
2.01606
0.0708033
0.848458
-1.33719
1.55859
-1.3366
-0.504997
0.445232
-0.469429
1.48382
0.0305335
-0.515372
-2.22533
-0.455119
-0.645396
-1.31345
0.80494
-1.13341
-0.123541
1.38109
-1.05114
-0.853415
0.493024
0.269515
-0.663309
-1.15257
-0.495422
0.367124
1.14543
-1.36415
-1.09728
0.417361
-2.64893
0.519702
1.55116
-1.02473
-0.694671
-0.58359
-0.828856
1.01694
2.06599
-1.26341
0.601621
0.317927
1.10576
-0.646271
0.169176
-0.937602
0.150856
1.75987
-0.213037
-0.283827
-0.656792
-1.56162
0.604566
0.546549
-0.673894
-0.932087
-0.463688
-1.10556
-0.190943
-1.03022
0.824064
0.129998
0.457201
-0.409307
0.194061
-0.428978
-0.494859
-1.20872
-0.0978402
0.942245
-1.7027
1.75067
0.334289
-0.506158
1.75376
1.20288
0.113753
0.165593
-0.33954
1.08223
-1.65356
-1.58324
0.716425
0.11976
0.502336
-1.32118
0.121858
-0.145896
0.493496
1.78936
0.167595
0.405277
2.0957
0.0752199
0.186704
-2.394
-1.11218
0.388847
2.27433
-0.0355098
-0.87676
-0.768381
0.545134
0.735807
0.334835
0.78114
-0.987187
0.538947
-0.533856
0.360249
0.382406
0.142716
-0.608197
-1.11707
0.623219
-1.86226
-2.52833
0.725738
-0.504364
0.256222
1.38963
-0.745365
1.13284
-0.154999
-0.267611
0.412226
0.242438
0.226119
-1.57926
0.831688
-0.194466
-0.2187
0.0572554
0.776937
-0.476084
-0.395991
-0.109769
0.101564
1.8459
-0.7619
0.831622
-0.715801
1.47809
0.234393
-0.667227
-1.39387
-1.09458
0.0730163
-0.486241
-1.70398
-0.260112
0.147545
0.529657
1.06199
-0.874876
-0.539946
-2.24663
1.14041
0.779913
-1.01172
-1.09927
-0.490035
0.593148
-1.68117
1.55218
0.43444
0.779185
-1.0643
-0.719935
-1.6412
-0.19613
2.11632
0.706305
0.816022
-0.996888
1.60009
1.39608
0.128765
0.609667
-0.0668025
-0.774508
0.269687
-0.823391
-0.0840984
-0.593949
-0.01847
1.66652
-1.915
0.561689
0.132973
0.40169
-0.155114
0.0982538
1.83458
1.0557
-1.12653
-0.437492
-1.62129
0.887382
-1.31002
0.225042
0.405396
-1.4264
0.350874
-0.62391
0.892021
1.9733
0.274546
0.814559
-0.490629
1.05079
0.659135
-0.019982
-1.287
0.509913
1.29053
-1.0342
-1.22426
1.00329
-1.04668
0.530987
-0.350594
1.08293
0.0824654
-0.411606
0.79303
0.883386
-0.243782
-0.322535
0.00261972
1.76357
2.39885
-0.723956
-0.480083
0.159141
-0.147983
-0.638544
-0.084703
0.907785
-0.797641
-0.817119
-1.19347
-0.0473795
-0.234711
-0.819087
0.624947
-0.150318
1.55095
0.369652
-0.0922032
0.327189
1.16014
-0.450399
-0.967316
0.709899
-2.25286
-1.59413
0.601937
1.19978
1.04648
-0.0372554
0.358155
-0.877255
-0.129122
-0.61178
-0.12705
-0.540986
0.899066
0.19688
-0.587446
-1.3538
-1.67434
-1.20826
-1.16599
0.0829888
-0.536682
-0.861583
-0.419752
-0.299915
1.05356
-0.186034
0.646963
-1.17956
-2.1895
-1.56148
-0.342558
1.08727
1.09976
-0.0788937
-0.945349
-0.84131
-0.490552
-0.403339
-1.60862
-0.774676
1.05252
-0.24406
1.21946
0.327686
-0.393639
-0.939321
-0.92156
0.0969572
-1.51681
-0.163503
0.894389
-0.471819
-0.326688
1.33255
1.5942
1.52623
0.930682
-0.448725
-0.382763
-1.28795
0.155204
-0.547289
1.90466
0.750144
-1.14119
1.22787
-1.20487
1.93069
-0.226772
0.881988
0.0942975
1.499
-1.052
0.720418
-0.331001
0.883895
1.33239
0.352235
0.639114
-0.137678
-1.08567
0.964192
0.407797
0.66251
1.87987
2.22641
-0.0893898
-0.0370487
0.767614
-1.97369
-0.813773
1.5258
-0.295629
-0.296137
0.607402
1.0286
1.04443
-0.237623
-0.080381
-0.740781
-0.102272
0.105974
-0.711583
-0.269408
2.71903
0.460714
-0.121307
0.524851
-0.644939
0.186429
0.610981
0.663418
-0.609249
-0.671213
-1.36115
0.687511
-1.88426
0.715934
-1.66898
0.386252
-1.61086
-1.23001
-0.46711
0.959844
-0.387443
2.15808
1.46355
-0.0892725
0.418922
-1.77433
-0.0247071
-0.893417
1.57548
-1.73521
-0.8656
-0.337235
0.288371
-0.616038
-0.980985
2.38485
1.51614
-1.23634
-0.0763104
-2.03687
1.16146
-0.138061
-0.805197
1.14451
-0.222448
0.142851
-1.20729
1.76973
0.586522
0.914297
0.141352
2.56381
0.830417
0.107845
-1.65939
-1.31526
-0.513872
-0.193469
-1.08602
-0.497266
3.20043
1.02408
0.897176
0.453246
-0.308939
-1.2577
0.394812
-2.48725
-0.603038
-0.489305
-0.660269
-0.949099
0.866845
0.160592
1.35694
0.394901
-0.376585
0.434365
0.202863
-0.0291886
-1.62543
0.473204
-0.0471135
-0.106875
-1.88327
-0.278127
-1.06537
-0.443601
-2.0249
1.13034
1.08837
-0.665496
-0.0554791
1.93998
-0.143806
-1.69394
0.130269
-0.55517
-0.746468
0.592218
1.54438
0.474804
-1.62171
-0.868257
-2.79601
0.244789
0.178437
0.290524
0.158659
-0.103424
1.3663
1.31089
-0.172876
0.924478
-0.390449
-0.839771
-2.28405
-0.797968
-0.681249
-0.460197
0.165245
1.00551
0.929727
-0.68604
1.19042
1.1466
-2.69539
0.510527
-1.11749
-0.371208
-0.249412
0.396452
1.24967
-0.44979
-0.315594
-0.0411734
-1.08359
0.0164745
-0.0559923
-0.0207146
-0.723771
0.929016
-1.72989
1.00756
-0.55898
0.668405
0.455283
-0.568982
-0.961168
0.591382
-1.05926
0.0651796
1.13767
2.13057
0.47772
0.506042
1.45147
0.534331
1.79064
-0.837975
0.138508
1.39535
0.200944
1.44651
-0.718407
-1.72326
-0.353892
0.0875183
2.05413
0.154555
-2.27578
1.00566
1.18048
-0.65208
-0.288915
-0.579787
0.419727
0.141158
-1.891
-1.18639
-0.631949
0.132357
-0.572311
-0.182767
2.05761
-0.041059
-0.136285
0.272202
-0.73687
1.75362
0.00948781
0.0587216
-1.7907
-0.636299
0.505113
0.141329
-0.752542
1.08588
0.489425
-0.883998
-1.76809
0.433906
0.766212
-0.270946
-0.814303
0.968681
-0.62172
-0.0307685
0.534165
0.705028
0.171907
-1.21393
-0.519291
-0.773666
0.586228
0.244375
0.858015
-0.217349
-2.23853
-0.407375
0.589127
1.24385
-0.577273
0.850553
-2.66461
1.55854
1.21694
-0.66083
0.147441
-0.238795
-0.197511
-1.25342
-2.44269
-0.55628
1.17535
-0.135079
-0.678418
-0.983474
-0.709955
0.391329
-1.7651
-0.893218
0.699596
0.617275
0.890625
0.183554
-0.0596088
0.00220568
-0.776967
0.244967
-0.126615
0.0682967
-1.18138
0.634004
0.427486
-0.357444
-0.806353
-2.03254
0.0601553
-2.86052
0.504758
0.0699081
-1.10041
0.204429
-0.720901
-0.768017
-1.24501
0.200927
-1.51294
1.95424
0.925737
-0.364185
-0.103905
0.452629
-0.206115
0.25378
0.524828
0.918128
-0.478891
0.203827
-0.307001
-0.674231
0.227484
-0.723456
0.376436
0.269962
1.42656
-0.926216
-0.4999
2.3384
0.448738
-0.846482
1.08452
0.0118576
0.747548
-1.22388
1.99597
-0.832846
-0.255106
0.625185
0.509876
-0.457293
0.363504
-0.875406
-0.10319
0.154631
-0.914212
-3.72202
1.41467
2.168
0.0254251
-0.489362
0.524538
-0.601929
-0.0365562
-0.374893
1.80559
2.04419
1.03136
1.84338
-0.200324
-0.702955
-0.0870469
0.341462
-0.554056
2.18303
0.627671
-1.27596
-0.942138
0.596194
0.0325759
-0.641877
-0.319883
0.00111349
-0.222092
-0.986282
-0.0728189
-1.5649
-0.0431426
0.118821
0.0197126
0.0408476
-1.42484
1.4175
2.02486
-0.937607
0.131259
-1.87292
-0.472488
1.47609
0.430096
-0.807298
-0.35836
0.892926
0.588303
-0.504186
0.433545
-0.171661
0.99845
0.250366
-0.315264
0.300328
-2.1605
-1.0977
0.666164
2.31211
-0.878081
0.464655
2.15263
-1.85422
-0.708048
1.52988
1.14621
1.06692
-0.207735
-0.356057
1.9482
-0.0970031
-0.903487
-0.86197
1.79701
0.527974
0.334614
-0.960892
-0.510059
0.169333
-0.576745
0.322984
-0.648999
-3.22855
-2.19609
-1.47663
-0.0195382
0.100254
0.463746
-0.0364642
0.647595
-0.384017
-0.39269
0.644579
-1.57655
-1.67876
-1.11186
-1.77325
-0.357809
-1.94471
-0.0588429
0.0467761
-0.558915
-0.581792
0.259495
0.900545
0.967677
-0.235688
0.0469919
-0.943236
1.18368
0.913301
1.14777
1.07428
-0.383538
-0.312678
1.60357
-1.10069
1.42439
0.993226
0.923199
0.646014
0.425747
-0.560286
-0.175293
-0.312684
1.03051
1.02028
-0.597103
-0.251766
-0.593121
0.612578
-0.0515072
0.284243
0.0382232
0.711262
-0.963222
1.15879
-1.1195
-0.747847
-0.186821
-0.124678
-1.52491
0.182328
-0.945566
0.0694206
-1.15282
-0.444762
0.512557
-0.66675
0.658017
-1.11802
-0.0961216
0.164512
-1.8867
-2.57097
-1.54124
0.134878
0.165774
-1.76717
-1.46145
0.54454
1.76772
2.11342
-0.185528
-0.707762
-0.0721769
1.28282
1.34748
2.20969
0.719249
-2.19624
1.24979
0.889087
-1.36921
-0.0617821
-1.63392
0.0678297
2.04433
0.61813
2.25652
-0.934737
-0.0873398
-0.917855
0.440277
-1.45509
0.778362
0.515144
-0.651904
-0.00479531
1.41509
-0.308362
0.0773966
-0.0798791
0.646436
-1.89902
-0.932631
0.650791
0.958864
-0.510436
0.865979
2.21065
-2.68094
0.572535
-0.318663
0.0406674
-1.12938
-0.692659
-0.525124
-0.741124
-2.5842
-0.494999
-0.265305
-1.35821
1.0209
-0.216352
0.295053
-0.847915
0.259674
0.40487
-1.3847
-0.0580502
-1.56245
-0.234792
1.59446
-1.27305
-0.378764
-1.38597
0.641783
0.510078
1.13198
-0.0117134
1.24121
-1.77141
0.387459
-0.254723
1.074
0.781607
-1.64155
-0.96562
-1.27274
0.0822434
1.10074
-1.43769
-0.0674812
1.2764
-2.32746
1.02183
0.861863
1.74254
1.55118
0.682911
0.149467
1.60554
-2.19003
-2.73069
-1.62417
-0.368196
0.276638
-0.286217
0.518975
2.31853
0.284861
0.162409
-2.06449
0.229076
0.269076
1.48377
1.07503
-0.191713
-0.867753
0.0988071
-0.759897
-0.546383
-1.71336
-0.43061
-2.16277
0.237995
0.15263
-0.215034
-0.743123
0.621647
-0.822577
-0.48708
0.507867
1.40765
-0.101851
0.12308
-0.0717889
-0.108959
0.268768
1.13953
-1.632
0.854253
1.0683
0.852095
1.37982
0.910385
0.963075
-0.807921
0.937151
0.486161
0.0513338
0.671539
-0.979512
-0.746079
-0.879805
0.369383
-0.321398
-1.41073
0.198912
-0.058875
-0.900817
-1.19354
0.279065
1.00589
-0.370315
-0.780024
-1.11966
1.23906
-1.36608
0.322655
-0.180953
-0.165955
-1.0228
-0.507793
-0.396401
0.159402
0.723918
1.23969
-1.45514
0.618613
-0.465619
2.01606
0.0708033
0.848458
-1.33719
1.55859
-1.3366
-0.504997
0.445232
-0.469429
1.48382
0.0305335
-0.515372
-2.22533
-0.455119
-0.645396
-1.31345
0.80494
-1.13341
-0.123541
1.38109
-1.05114
-0.853415
0.493024
0.269515
-0.663309
-1.15257
-0.495422
0.367124
1.14543
-1.36415
-1.09728
0.417361
-2.64893
0.519702
1.55116
-1.02473
-0.694671
-0.58359
-0.828856
1.01694
2.06599
-1.26341
0.601621
0.317927
1.10576
-0.646271
0.169176
-0.937602
0.150856
1.75987
-0.213037
-0.283827
-0.656792
-1.56162
0.604566
0.546549
-0.673894
-0.932087
-0.463688
-1.10556
-0.190943
-1.03022
0.824064
0.129998
0.457201
-0.409307
0.194061
-0.428978
-0.494859
-1.20872
-0.0978402
0.942245
-1.7027
1.75067
0.334289
-0.506158
1.75376
1.20288
0.113753
0.165593
-0.33954
1.08223
-1.65356
-1.58324
0.716425
0.11976
0.502336
-1.32118
0.121858
-0.145896
0.493496
1.78936
0.167595
0.405277
2.0957
0.0752199
0.186704
-2.394
-1.11218
0.388847
2.27433
-0.0355098
-0.87676
-0.768381
0.545134
0.735807
0.334835
0.78114
-0.987187
0.538947
-0.533856
0.360249
0.382406
0.142716
-0.608197
-1.11707
0.623219
-1.86226
-2.52833
0.725738
-0.504364
0.256222
1.38963
-0.745365
1.13284
-0.154999
-0.267611
0.412226
0.242438
0.226119
-1.57926
0.831688
-0.194466
-0.2187
0.0572554
0.776937
-0.476084
-0.395991
-0.109769
0.101564
1.8459
-0.7619
0.831622
-0.715801
1.47809
0.234393
-0.667227
-1.39387
-1.09458
0.0730163
-0.486241
-1.70398
-0.260112
0.147545
0.529657
1.06199
-0.874876
-0.539946
-2.24663
1.14041
0.779913
-1.01172
-1.09927
-0.490035
0.593148
-1.68117
1.55218
0.43444
0.779185
-1.0643
-0.719935
-1.6412
-0.19613
2.11632
0.706305
0.816022
-0.996888
1.60009
1.39608
0.128765
0.609667
-0.0668025
-0.774508
0.269687
-0.823391
-0.0840984
-0.593949
-0.01847
1.66652
-1.915
0.561689
0.132973
0.40169
-0.155114
0.0982538
1.83458
1.0557
-1.12653
-0.437492
-1.62129
0.887382
-1.31002
0.225042
0.405396
-1.4264
0.350874
-0.62391
0.892021
1.9733
0.274546
0.814559
-0.490629
1.05079
0.659135
-0.019982
-1.287
0.509913
1.29053
-1.0342
-1.22426
1.00329
-1.04668
0.530987
-0.350594
1.08293
0.0824654
-0.411606
0.79303
0.883386
-0.243782
-0.322535
0.00261972
1.76357
2.39885
-0.723956
-0.480083
0.159141
-0.147983
-0.638544
-0.084703
0.907785
-0.797641
-0.817119
-1.19347
-0.0473795
-0.234711
-0.819087
0.624947
-0.150318
1.55095
0.369652
-0.0922032
0.327189
1.16014
-0.450399
-0.967316
0.709899
-2.25286
-1.59413
0.601937
1.19978
1.04648
-0.0372554
0.358155
-0.877255
-0.129122
-0.61178
-0.12705
-0.540986
0.899066
0.19688
-0.587446
-1.3538
-1.67434
-1.20826
-1.16599
0.0829888
-0.536682
-0.861583
-0.419752
-0.299915
1.05356
-0.186034
0.646963
-1.17956
-2.1895
-1.56148
-0.342558
1.08727
1.09976
-0.0788937
-0.945349
-0.84131
-0.490552
-0.403339
-1.60862
-0.774676
1.05252
-0.24406
1.21946
0.327686
-0.393639
-0.939321
-0.92156
0.0969572
-1.51681
-0.163503
0.894389
-0.471819
-0.326688
1.33255
1.5942
1.52623
0.930682
-0.448725
-0.382763
-1.28795
0.155204
-0.547289
1.90466
0.750144
-1.14119
1.22787
-1.20487
1.93069
-0.226772
0.881988
0.0942975
1.499
-1.052
0.720418
-0.331001
0.883895
1.33239
0.352235
0.639114
-0.137678
-1.08567
0.964192
0.407797
0.66251
1.87987
2.22641
-0.0893898
-0.0370487
0.767614
-1.97369
-0.813773
1.5258
-0.295629
-0.296137
0.607402
1.0286
1.04443
-0.237623
-0.080381
-0.740781
-0.102272
0.105974
-0.711583
-0.269408
2.71903
0.460714
-0.121307
0.524851
-0.644939
0.186429
0.610981
0.663418
-0.609249
-0.671213
-1.36115
0.687511
-1.88426
0.715934
-1.66898
0.386252
-1.61086
-1.23001
-0.46711
0.959844
-0.387443
2.15808
1.46355
-0.0892725
0.418922
-1.77433
-0.0247071
-0.893417
1.57548
-1.73521
-0.8656
-0.337235
0.288371
-0.616038
-0.980985
2.38485
1.51614
-1.23634
-0.0763104
-2.03687
1.16146
-0.138061
-0.805197
1.14451
-0.222448
0.142851
-1.20729
1.76973
0.586522
0.914297
0.141352
2.56381
0.830417
0.107845
-1.65939
-1.31526
-0.513872
-0.193469
-1.08602
-0.497266
3.20043
1.02408
0.897176
0.453246
-0.308939
-1.2577
0.394812
-2.48725
-0.603038
-0.489305
-0.660269
-0.949099
0.866845
0.160592
1.35694
0.394901
-0.376585
0.434365
0.202863
-0.0291886
-1.62543
0.473204
-0.0471135
-0.106875
-1.88327
-0.278127
-1.06537
-0.443601
-2.0249
1.13034
1.08837
-0.665496
-0.0554791
1.93998
-0.143806
-1.69394
0.130269
-0.55517
-0.746468
0.592218
1.54438
0.474804
-1.62171
-0.868257
-2.79601
0.244789
0.178437
0.290524
0.158659
-0.103424
1.3663
1.31089
-0.172876
0.924478
-0.390449
-0.839771
-2.28405
-0.797968
-0.681249
-0.460197
0.165245
1.00551
0.929727
-0.68604
1.19042
1.1466
-2.69539
0.510527
-1.11749
-0.371208
-0.249412
0.396452
1.24967
-0.44979
-0.315594
-0.0411734
-1.08359
0.0164745
-0.0559923
-0.0207146
-0.723771
0.929016
-1.72989
1.00756
-0.55898
0.668405
0.455283
-0.568982
-0.961168
0.591382
-1.05926
0.0651796
1.13767
2.13057
0.47772
0.506042
1.45147
0.534331
1.79064
-0.837975
0.138508
1.39535
0.200944
1.44651
-0.718407
-1.72326
-0.353892
0.0875183
2.05413
0.154555
-2.27578
1.00566
1.18048
-0.65208
-0.288915
-0.579787
0.419727
0.141158
-1.891
-1.18639
-0.631949
0.132357
-0.572311
-0.182767
2.05761
-0.041059
-0.136285
0.272202
-0.73687
1.75362
0.00948781
0.0587216
-1.7907
-0.636299
0.505113
0.141329
-0.752542
1.08588
0.489425
-0.883998
-1.76809
0.433906
0.766212
-0.270946
-0.814303
0.968681
-0.62172
-0.0307685
0.534165
0.705028
0.171907
-1.21393
-0.519291
-0.773666
0.586228
0.244375
0.858015
-0.217349
-2.23853
-0.407375
0.589127
1.24385
-0.577273
0.850553
-2.66461
1.55854
1.21694
-0.66083
0.147441
-0.238795
-0.197511
-1.25342
-2.44269
-0.55628
1.17535
-0.135079
-0.678418
-0.983474
-0.709955
0.391329
-1.7651
-0.893218
0.699596
0.617275
0.890625
0.183554
-0.0596088
0.00220568
-0.776967
0.244967
-0.126615
0.0682967
-1.18138
0.634004
0.427486
-0.357444
-0.806353
-2.03254
0.0601553
-2.86052
0.504758
0.0699081
-1.10041
0.204429
-0.720901
-0.768017
-1.24501
0.200927
-1.51294
1.95424
0.925737
-0.364185
-0.103905
0.452629
-0.206115
0.25378
0.524828
0.918128
-0.478891
0.203827
-0.307001
-0.674231
0.227484
-0.723456
0.376436
0.269962
1.42656
-0.926216
-0.4999
2.3384
0.448738
-0.846482
1.08452
0.0118576
0.747548
-1.22388
1.99597
-0.832846
-0.255106
0.625185
0.509876
-0.457293
0.363504
-0.875406
-0.10319
0.154631
-0.914212
-3.72202
1.41467
2.168
0.0254251
-0.489362
0.524538
-0.601929
-0.0365562
-0.374893
1.80559
2.04419
1.03136
1.84338
-0.200324
-0.702955
-0.0870469
0.341462
-0.554056
2.18303
0.627671
-1.27596
-0.942138
0.596194
0.0325759
-0.641877
-0.319883
0.00111349
-0.222092
-0.986282
-0.0728189
-1.5649
-0.0431426
0.118821
0.0197126
0.0408476
-1.42484
1.4175
2.02486
-0.937607
0.131259
-1.87292
-0.472488
1.47609
0.430096
-0.807298
-0.35836
0.892926
0.588303
-0.504186
0.433545
-0.171661
0.99845
0.250366
-0.315264
0.300328
-2.1605
-1.0977
0.666164
2.31211
-0.878081
0.464655
2.15263
-1.85422
-0.708048
1.52988
1.14621
1.06692
-0.207735
-0.356057
1.9482
-0.0970031
-0.903487
-0.86197
1.79701
0.527974
0.334614
-0.960892
-0.510059
0.169333
-0.576745
0.322984
-0.648999
-3.22855
-2.19609
-1.47663
-0.0195382
0.100254
0.463746
-0.0364642
0.647595
-0.384017
-0.39269
0.644579
-1.57655
-1.67876
-1.11186
-1.77325
-0.357809
-1.94471
