-2.92535
-0.618085
-0.475735
0.883036
1.32729
0.462262
1.5792
0.0147783
-0.936823
1.68807
0.0519516
1.22062
0.181034
0.355327
-1.22431
0.148171
-0.0217058
-1.0849
0.743601
0.0250698
0.00215201
-0.23695
-0.41852
1.34409
-0.305574
0.124076
1.36653
0.806516
0.258294
-1.18474
1.68593
-0.267462
0.464866
-0.280972
1.16455
-0.855125
-1.2529
0.416398
-0.230295
-2.05107
-0.656202
0.600665
-0.506791
-0.362241
0.260099
-0.250248
2.04006
0.397532
-0.475142
1.00709
0.962916
-0.408258
1.0048
1.27347
0.471747
-0.606683
-0.856616
0.617311
0.199461
-0.668324
-0.837428
0.297283
0.919753
-0.432635
1.34949
-0.63112
-0.704199
0.150474
0.997988
-1.56824
-0.887772
-0.00528971
1.52119
0.627078
0.359825
0.0947758
1.73208
-0.13422
-0.330847
0.37759
0.0199956
-0.260482
0.76673
0.777161
0.0605234
-0.353314
0.510415
-3.28815
0.769961
0.763543
0.394195
0.187568
0.981455
0.179037
-1.12834
-0.975684
0.991222
-1.12791
-0.450877
0.617298
0.296272
-0.205449
-0.366962
-0.839321
1.5473
-0.357135
-0.425983
1.12564
-1.73359
-0.702916
-0.0161908
0.126682
0.370082
-0.90626
0.763531
-0.295463
-0.678109
0.132233
0.0670086
-0.818531
0.105352
0.708843
1.23686
1.64289
-0.0899428
-0.105506
1.89317
0.673866
-1.08667
0.682642
0.408656
1.09445
1.78044
0.168206
0.746869
-0.0225007
0.6118
0.644069
-0.301121
-0.377117
-1.10569
-0.484919
-0.312637
0.0397306
-0.449759
0.305521
-0.877098
-1.81137
0.473399
-0.535758
-0.0667649
0.143561
-0.733315
0.952555
0.0256491
-0.527486
1.18901
0.228162
-0.199365
-0.780187
-1.21751
-2.02029
0.9674
0.102946
0.355097
-0.283336
-0.230109
-1.28942
1.49801
-0.616737
0.278434
-0.479634
1.68559
-0.206377
0.361071
1.02217
-0.15431
0.250661
0.569347
1.0142
-1.27708
0.173261
1.99905
0.250835
2.09231
-1.32127
0.0335308
1.16638
-0.410072
0.0448264
0.115525
0.50383
-1.51868
0.661767
-0.698312
-0.448414
-2.84333
-0.684171
1.33068
0.217095
-1.7245
1.49082
1.11702
0.00996478
0.585098
0.894908
-1.50455
1.14932
0.836295
2.08166
1.0292
-1.15055
0.167883
-1.02972
-0.0256065
-1.09586
-1.42929
-1.37514
-0.247317
-0.792222
0.586028
-0.0600578
-1.89578
-0.231531
-0.459698
1.14465
-0.764259
0.74107
1.02466
-0.489457
1.19781
1.93092
0.676794
1.07692
-0.950944
-1.28217
-0.278042
-0.732602
1.0507
-0.41872
-1.39051
2.23811
-1.44476
0.202172
-1.05768
1.49102
-0.951315
-2.12297
0.328
2.39436
0.486719
0.209895
-1.17087
-0.0859971
2.8412
-2.19085
0.877604
0.326019
0.956799
-0.984709
-2.93525
-0.0181846
-1.47493
-0.647669
1.47852
-0.0553062
-1.91037
-0.59102
1.20213
0.83764
-0.643669
0.51997
2.07482
-1.29152
0.320019
-0.282861
-1.22794
-0.961746
1.40553
-0.0322957
-1.88717
1.91355
-1.22007
-0.0950813
-0.901616
-0.563451
-0.525207
1.91011
-0.224895
0.492113
0.324541
-1.45355
0.409575
0.149091
1.09139
1.26297
-0.0661715
-0.660994
-0.829732
-1.9698
1.55551
-0.186357
-2.64603
-0.859029
-0.508915
-0.71087
-0.968586
0.83643
-0.468224
1.50954
-0.165789
0.804447
-1.12891
-0.107008
0.83958
-2.45076
-0.96987
-0.288573
0.0977928
-0.966717
1.26128
0.883213
0.853769
-1.02012
-1.25514
-0.257841
0.878387
-0.272317
-0.186613
-0.108961
1.38103
-1.20999
-0.297419
1.159
0.635148
-0.21585
-0.254966
-1.11349
-0.81892
0.36879
-1.46222
1.00565
-0.727763
-0.426234
-0.114927
-0.102557
-0.264066
0.729982
-1.55539
0.0712887
0.826606
0.246661
-0.871548
0.684011
0.0527954
0.335033
-0.995489
2.59107
-0.0556369
-1.6025
-0.69699
-1.29669
1.07284
1.07567
2.46516
-0.481631
0.626937
0.262261
-3.26852
1.44323
-0.251682
0.551383
1.42712
-0.760315
-0.207714
0.0599688
-1.80661
0.493567
-1.03766
0.294309
-1.32035
1.5617
1.28732
-1.11678
-0.270165
-1.15256
-0.025872
0.722242
1.08347
-0.794185
0.0542529
1.36739
0.0601974
-0.296752
-0.0283031
0.984171
-0.797756
1.59261
-0.735525
0.253952
0.871282
-1.49338
-0.200257
1.30327
0.588168
1.03449
0.788854
-0.689565
-1.2285
-1.80403
2.45284
-1.67515
-0.892494
0.942499
-1.48707
-1.90109
-1.3198
-1.74101
-1.26808
1.20933
0.161357
-0.690433
1.31815
0.604127
-1.361
-1.33779
1.75241
-0.0349738
0.671137
0.719553
2.24618
0.871862
-0.458671
-0.885229
-1.41397
0.000611956
-0.875207
-1.40471
0.231359
-1.55914
-0.891111
-0.0587436
-0.0724672
-0.653457
0.47594
1.31105
-0.304994
-1.43632
-1.19359
-0.0298868
0.278202
-0.384083
-0.962717
0.728912
-0.492492
-0.286948
-0.652252
-1.28961
-0.886208
-0.35774
0.445712
1.47394
0.861258
-1.26329
-0.848852
0.657257
-0.529802
0.027127
-0.180686
-1.62713
-0.346793
1.28567
1.12435
0.175848
-2.2564
1.20302
-0.297688
0.743146
-0.959517
1.17576
0.806514
1.30314
-0.852568
-1.24001
0.177401
0.847475
0.431819
0.553338
0.580088
-0.673232
0.38123
-0.242743
1.58575
0.196434
-0.642465
-0.807737
-0.0014774
-0.0392951
0.808975
-0.2042
-1.42892
-0.830891
-0.535063
1.24702
-0.582915
1.17489
-1.29726
0.480902
-1.18372
-0.64659
-0.674235
0.646201
-1.00985
0.0661049
-0.726693
1.48015
0.254509
0.120542
0.524162
-0.461011
0.206353
1.3383
2.26864
-0.169124
-0.164522
-0.556205
-1.76225
0.781536
-0.945629
1.96376
-1.08133
-0.953798
-0.551394
-1.11621
-1.29558
0.831419
-1.00842
0.464289
-1.81512
0.52897
0.755853
-0.119752
-0.913292
-0.407992
0.454946
1.29641
2.00074
0.42638
1.47811
-0.106306
-0.155828
0.484444
-0.864413
-0.0339266
-0.304789
-1.21375
0.224638
-1.92672
-0.30352
-1.18155
-1.16484
0.20725
1.5179
0.382633
-0.702693
2.60124
0.779377
-0.582657
0.991357
-0.366308
1.41215
-0.803193
1.18996
-0.432675
-0.0834407
0.0793307
-0.714443
0.752453
-1.8664
1.5121
0.0105931
-0.707235
0.533252
1.35946
-0.347013
-0.585699
-0.893949
0.185484
-1.29568
-0.392327
-0.907651
-0.358634
-1.16875
0.787593
-0.195823
-0.779158
0.19039
-0.934301
-0.148421
0.161767
-1.67418
0.795894
0.989678
-0.799508
-1.54795
1.3214
0.0128959
-0.106729
0.207095
1.08558
-0.352389
0.568539
-1.24781
0.439509
-0.377423
-0.838837
0.777847
0.279424
-1.21641
-0.584104
-0.489006
0.83368
0.726562
0.0194313
-1.51273
-2.2133
-1.00014
-0.852114
0.398109
-0.054251
0.501475
0.211042
-0.596281
-1.04385
1.02833
0.117795
-1.58458
0.206485
0.29979
0.700938
-1.82627
1.3935
-1.89129
-1.34086
-1.09739
0.677954
0.431865
-0.620266
0.240762
-0.447411
0.892384
-1.29062
-0.542147
1.49743
0.681172
-0.0511825
0.144688
1.03683
-0.841018
1.84739
-1.14125
-0.507001
-1.00538
1.34017
0.470829
-0.502427
0.824838
0.514976
0.488252
0.719505
-1.57493
0.807392
-0.749491
-1.76875
0.52978
-0.408951
-0.800244
1.61622
0.936701
-1.02372
-0.18191
-0.202165
-0.279343
-0.544766
1.31603
-0.140324
0.0319935
-0.0810155
-0.272772
-0.353122
0.199439
0.00361029
-1.07791
-0.914377
-0.873535
-0.203955
0.385625
-0.778782
-0.815613
-1.20033
-0.803875
-0.755396
0.800215
-0.942374
2.17199
1.07337
-0.373726
0.542568
0.865121
0.0258499
-0.690193
-0.0611342
1.09751
-0.652366
0.0930269
0.837728
0.540218
-0.152749
-0.468531
-0.295632
0.290852
-0.247624
-0.648894
-1.40725
-0.381851
-0.826287
0.257951
-1.45004
1.0068
-0.691209
-0.00783198
0.0425679
1.2998
-0.0666991
-2.84566
1.19621
-1.99682
0.354667
1.48123
-0.507498
-1.92192
1.26334
-0.000859349
-0.196903
0.72027
0.069083
0.791392
-0.467787
0.165548
0.4121
-1.36207
0.390106
-0.745651
-1.29629
0.710869
-0.919448
-0.857669
0.542356
-0.557271
-0.187585
-2.72488
1.03492
-0.40268
1.56635
0.276804
-0.18524
0.873748
0.381712
-0.669388
-0.46044
0.636191
-0.24722
0.908384
0.210789
-0.300973
-1.32764
0.0771492
-0.136321
-0.883503
-0.41205
-0.274781
-0.609153
1.25107
0.292329
-1.5514
0.342229
1.64448
0.0345769
0.0779093
1.22765
1.31242
1.44602
0.0273793
0.22151
0.478792
0.658911
1.12287
-1.37186
-1.98044
1.50888
0.100867
-0.317336
0.825941
-1.38071
-1.69425
-0.768842
0.731711
-1.8709
0.428834
-0.634059
-1.19927
0.0388262
1.64304
-0.0646599
-0.406445
-0.499237
-1.73668
0.060558
-0.798588
-0.215051
-0.227367
-2.08864
0.499142
-0.56216
0.568102
0.598164
0.0617859
-0.620959
-0.693601
0.301258
-0.312005
0.913925
-1.36024
0.101743
1.57894
-0.164713
-0.367089
-0.237234
-1.84414
-0.505982
-0.515369
0.767952
-0.381556
0.69506
-0.704198
0.937988
-0.343213
1.85328
0.515214
0.497315
-0.0855773
-1.40136
-0.104478
-1.02999
-0.218891
-0.449897
-0.984773
-1.3281
-0.554391
-0.890109
1.59476
-1.45324
0.606499
1.27502
-0.658512
-1.42871
-0.407889
0.595434
-1.66248
0.315347
0.972
0.53165
-0.718374
-1.792
-0.703465
-0.865017
1.02401
-0.381622
-0.445543
-1.53462
0.105438
-0.599358
-0.359561
1.77385
-0.0206121
-0.951118
1.28148
-0.186346
0.258068
-1.49406
-0.741505
0.447483
0.164685
-0.100938
1.04788
-0.231819
0.163831
-0.0379874
1.51293
1.15682
-0.554919
-0.68536
0.193451
-0.7278
0.80189
-0.56074
0.0971368
0.136498
0.50266
0.32589
-0.507776
-1.12467
-1.11149
-0.21451
0.857271
1.48816
0.229783
1.28544
-0.181279
-1.11852
1.41343
0.868333
0.690006
-0.474398
-0.635404
0.0903437
-0.14335
-0.804921
0.975897
0.0357465
-0.634926
0.197199
-0.145548
0.262437
-0.0172367
-0.327273
0.360265
0.912391
0.250829
0.319587
0.151402
-0.461869
-0.749526
0.652189
1.13823
1.87974
0.161663
0.758635
0.246308
0.90111
-0.813826
-1.23706
-0.263545
-0.167392
0.343457
0.281546
-1.87567
0.061338
1.13555
-0.650209
-0.61617
-0.0564268
-0.425383
-0.132954
0.267135
1.40798
-0.462296
0.980672
-1.15085
1.19413
-0.481591
-0.78756
-0.670394
-1.10563
0.794998
-0.386567
-0.487919
-1.10716
-1.8322
-0.576581
-0.721492
-1.14654
1.44451
-1.44689
-1.10573
1.04974
-0.333667
1.26756
1.33068
-0.996748
-0.186675
-0.164475
-2.51003
-0.86218
1.232
-1.0001
0.281343
-1.3235
1.47501
0.718416
-2.92535
-0.618085
-0.475735
0.883036
1.32729
0.462262
1.5792
0.0147783
-0.936823
1.68807
0.0519516
1.22062
0.181034
0.355327
-1.22431
0.148171
-0.0217058
-1.0849
0.743601
0.0250698
0.00215201
-0.23695
-0.41852
1.34409
-0.305574
0.124076
1.36653
0.806516
0.258294
-1.18474
1.68593
-0.267462
0.464866
-0.280972
1.16455
-0.855125
-1.2529
0.416398
-0.230295
-2.05107
-0.656202
0.600665
-0.506791
-0.362241
0.260099
-0.250248
2.04006
0.397532
-0.475142
1.00709
0.962916
-0.408258
1.0048
1.27347
0.471747
-0.606683
-0.856616
0.617311
0.199461
-0.668324
-0.837428
0.297283
0.919753
-0.432635
1.34949
-0.63112
-0.704199
0.150474
0.997988
-1.56824
-0.887772
-0.00528971
1.52119
0.627078
0.359825
0.0947758
1.73208
-0.13422
-0.330847
0.37759
0.0199956
-0.260482
0.76673
0.777161
0.0605234
-0.353314
0.510415
-3.28815
0.769961
0.763543
0.394195
0.187568
0.981455
0.179037
-1.12834
-0.975684
0.991222
-1.12791
-0.450877
0.617298
0.296272
-0.205449
-0.366962
-0.839321
1.5473
-0.357135
-0.425983
1.12564
-1.73359
-0.702916
-0.0161908
0.126682
0.370082
-0.90626
0.763531
-0.295463
-0.678109
0.132233
0.0670086
-0.818531
0.105352
0.708843
1.23686
1.64289
-0.0899428
-0.105506
1.89317
0.673866
-1.08667
0.682642
0.408656
1.09445
1.78044
0.168206
0.746869
-0.0225007
0.6118
0.644069
-0.301121
-0.377117
-1.10569
-0.484919
-0.312637
0.0397306
-0.449759
0.305521
-0.877098
-1.81137
0.473399
-0.535758
-0.0667649
0.143561
-0.733315
0.952555
0.0256491
-0.527486
1.18901
0.228162
-0.199365
-0.780187
-1.21751
-2.02029
0.9674
0.102946
0.355097
-0.283336
-0.230109
-1.28942
1.49801
-0.616737
0.278434
-0.479634
1.68559
-0.206377
0.361071
1.02217
-0.15431
0.250661
0.569347
1.0142
-1.27708
0.173261
1.99905
0.250835
2.09231
-1.32127
0.0335308
1.16638
-0.410072
0.0448264
0.115525
0.50383
-1.51868
0.661767
-0.698312
-0.448414
-2.84333
-0.684171
1.33068
0.217095
-1.7245
1.49082
1.11702
0.00996478
0.585098
0.894908
-1.50455
1.14932
0.836295
2.08166
1.0292
-1.15055
0.167883
-1.02972
-0.0256065
-1.09586
-1.42929
-1.37514
-0.247317
-0.792222
0.586028
-0.0600578
-1.89578
-0.231531
-0.459698
1.14465
-0.764259
0.74107
1.02466
-0.489457
1.19781
1.93092
0.676794
1.07692
-0.950944
-1.28217
-0.278042
-0.732602
1.0507
-0.41872
-1.39051
2.23811
-1.44476
0.202172
-1.05768
1.49102
-0.951315
-2.12297
0.328
2.39436
0.486719
0.209895
-1.17087
-0.0859971
2.8412
-2.19085
0.877604
0.326019
0.956799
-0.984709
-2.93525
-0.0181846
-1.47493
-0.647669
1.47852
-0.0553062
-1.91037
-0.59102
1.20213
0.83764
-0.643669
0.51997
2.07482
-1.29152
0.320019
-0.282861
-1.22794
-0.961746
1.40553
-0.0322957
-1.88717
1.91355
-1.22007
-0.0950813
-0.901616
-0.563451
-0.525207
1.91011
-0.224895
0.492113
0.324541
-1.45355
0.409575
0.149091
1.09139
1.26297
-0.0661715
-0.660994
-0.829732
-1.9698
1.55551
-0.186357
-2.64603
-0.859029
-0.508915
-0.71087
-0.968586
0.83643
-0.468224
1.50954
-0.165789
0.804447
-1.12891
-0.107008
0.83958
-2.45076
-0.96987
-0.288573
0.0977928
-0.966717
1.26128
0.883213
0.853769
-1.02012
-1.25514
-0.257841
0.878387
-0.272317
-0.186613
-0.108961
1.38103
-1.20999
-0.297419
1.159
0.635148
-0.21585
-0.254966
-1.11349
-0.81892
0.36879
-1.46222
1.00565
-0.727763
-0.426234
-0.114927
-0.102557
-0.264066
0.729982
-1.55539
0.0712887
0.826606
0.246661
-0.871548
0.684011
0.0527954
0.335033
-0.995489
2.59107
-0.0556369
-1.6025
-0.69699
-1.29669
1.07284
1.07567
2.46516
-0.481631
0.626937
0.262261
-3.26852
1.44323
-0.251682
0.551383
1.42712
-0.760315
-0.207714
0.0599688
-1.80661
0.493567
-1.03766
0.294309
-1.32035
1.5617
1.28732
-1.11678
-0.270165
-1.15256
-0.025872
0.722242
1.08347
-0.794185
0.0542529
1.36739
0.0601974
-0.296752
-0.0283031
0.984171
-0.797756
1.59261
-0.735525
0.253952
0.871282
-1.49338
-0.200257
1.30327
0.588168
1.03449
0.788854
-0.689565
-1.2285
-1.80403
2.45284
-1.67515
-0.892494
0.942499
-1.48707
-1.90109
-1.3198
-1.74101
-1.26808
1.20933
0.161357
-0.690433
1.31815
0.604127
-1.361
-1.33779
1.75241
-0.0349738
0.671137
0.719553
2.24618
0.871862
-0.458671
-0.885229
-1.41397
0.000611956
-0.875207
-1.40471
0.231359
-1.55914
-0.891111
-0.0587436
-0.0724672
-0.653457
0.47594
1.31105
-0.304994
-1.43632
-1.19359
-0.0298868
0.278202
-0.384083
-0.962717
0.728912
-0.492492
-0.286948
-0.652252
-1.28961
-0.886208
-0.35774
0.445712
1.47394
0.861258
-1.26329
-0.848852
0.657257
-0.529802
0.027127
-0.180686
-1.62713
-0.346793
1.28567
1.12435
0.175848
-2.2564
1.20302
-0.297688
0.743146
-0.959517
1.17576
0.806514
1.30314
-0.852568
-1.24001
0.177401
0.847475
0.431819
0.553338
0.580088
-0.673232
0.38123
-0.242743
1.58575
0.196434
-0.642465
-0.807737
-0.0014774
-0.0392951
0.808975
-0.2042
-1.42892
-0.830891
-0.535063
1.24702
-0.582915
1.17489
-1.29726
0.480902
-1.18372
-0.64659
-0.674235
0.646201
-1.00985
0.0661049
-0.726693
1.48015
0.254509
0.120542
0.524162
-0.461011
0.206353
1.3383
2.26864
-0.169124
-0.164522
-0.556205
-1.76225
0.781536
-0.945629
1.96376
-1.08133
-0.953798
-0.551394
-1.11621
-1.29558
0.831419
-1.00842
0.464289
-1.81512
0.52897
0.755853
-0.119752
-0.913292
-0.407992
0.454946
1.29641
2.00074
0.42638
1.47811
-0.106306
-0.155828
0.484444
-0.864413
-0.0339266
-0.304789
-1.21375
0.224638
-1.92672
-0.30352
-1.18155
-1.16484
0.20725
1.5179
0.382633
-0.702693
2.60124
0.779377
-0.582657
0.991357
-0.366308
1.41215
-0.803193
1.18996
-0.432675
-0.0834407
0.0793307
-0.714443
0.752453
-1.8664
1.5121
0.0105931
-0.707235
0.533252
1.35946
-0.347013
-0.585699
-0.893949
0.185484
-1.29568
-0.392327
-0.907651
-0.358634
-1.16875
0.787593
-0.195823
-0.779158
0.19039
-0.934301
-0.148421
0.161767
-1.67418
0.795894
0.989678
-0.799508
-1.54795
1.3214
0.0128959
-0.106729
0.207095
1.08558
-0.352389
0.568539
-1.24781
0.439509
-0.377423
-0.838837
0.777847
0.279424
-1.21641
-0.584104
-0.489006
0.83368
0.726562
0.0194313
-1.51273
-2.2133
-1.00014
-0.852114
0.398109
-0.054251
0.501475
0.211042
-0.596281
-1.04385
1.02833
0.117795
-1.58458
0.206485
0.29979
0.700938
-1.82627
1.3935
-1.89129
-1.34086
-1.09739
0.677954
0.431865
-0.620266
0.240762
-0.447411
0.892384
-1.29062
-0.542147
1.49743
0.681172
-0.0511825
0.144688
1.03683
-0.841018
1.84739
-1.14125
-0.507001
-1.00538
1.34017
0.470829
-0.502427
0.824838
0.514976
0.488252
0.719505
-1.57493
0.807392
-0.749491
-1.76875
0.52978
-0.408951
-0.800244
1.61622
0.936701
-1.02372
-0.18191
-0.202165
-0.279343
-0.544766
1.31603
-0.140324
0.0319935
-0.0810155
-0.272772
-0.353122
0.199439
0.00361029
-1.07791
-0.914377
-0.873535
-0.203955
0.385625
-0.778782
-0.815613
-1.20033
-0.803875
-0.755396
0.800215
-0.942374
2.17199
1.07337
-0.373726
0.542568
0.865121
0.0258499
-0.690193
-0.0611342
1.09751
-0.652366
0.0930269
0.837728
0.540218
-0.152749
-0.468531
-0.295632
0.290852
-0.247624
-0.648894
-1.40725
-0.381851
-0.826287
0.257951
-1.45004
1.0068
-0.691209
-0.00783198
0.0425679
1.2998
-0.0666991
-2.84566
1.19621
-1.99682
0.354667
1.48123
-0.507498
-1.92192
1.26334
-0.000859349
-0.196903
0.72027
0.069083
0.791392
-0.467787
0.165548
0.4121
-1.36207
0.390106
-0.745651
-1.29629
0.710869
-0.919448
-0.857669
0.542356
-0.557271
-0.187585
-2.72488
1.03492
-0.40268
1.56635
0.276804
-0.18524
0.873748
0.381712
-0.669388
-0.46044
0.636191
-0.24722
0.908384
0.210789
-0.300973
-1.32764
0.0771492
-0.136321
-0.883503
-0.41205
-0.274781
-0.609153
1.25107
0.292329
-1.5514
0.342229
1.64448
0.0345769
0.0779093
1.22765
1.31242
1.44602
0.0273793
0.22151
0.478792
0.658911
1.12287
-1.37186
-1.98044
1.50888
0.100867
-0.317336
0.825941
-1.38071
-1.69425
-0.768842
0.731711
-1.8709
0.428834
-0.634059
-1.19927
0.0388262
1.64304
-0.0646599
-0.406445
-0.499237
-1.73668
0.060558
-0.798588
-0.215051
-0.227367
-2.08864
0.499142
-0.56216
0.568102
0.598164
0.0617859
-0.620959
-0.693601
0.301258
-0.312005
0.913925
-1.36024
0.101743
1.57894
-0.164713
-0.367089
-0.237234
-1.84414
-0.505982
-0.515369
0.767952
-0.381556
0.69506
-0.704198
0.937988
-0.343213
1.85328
0.515214
0.497315
-0.0855773
-1.40136
-0.104478
-1.02999
-0.218891
-0.449897
-0.984773
-1.3281
-0.554391
-0.890109
1.59476
-1.45324
0.606499
1.27502
-0.658512
-1.42871
-0.407889
0.595434
-1.66248
0.315347
0.972
0.53165
-0.718374
-1.792
-0.703465
-0.865017
1.02401
-0.381622
-0.445543
-1.53462
0.105438
-0.599358
-0.359561
1.77385
-0.0206121
-0.951118
1.28148
-0.186346
0.258068
-1.49406
-0.741505
0.447483
0.164685
-0.100938
1.04788
-0.231819
0.163831
-0.0379874
1.51293
1.15682
-0.554919
-0.68536
0.193451
-0.7278
0.80189
-0.56074
0.0971368
0.136498
0.50266
0.32589
-0.507776
-1.12467
-1.11149
-0.21451
0.857271
1.48816
0.229783
1.28544
-0.181279
-1.11852
1.41343
0.868333
0.690006
-0.474398
-0.635404
0.0903437
-0.14335
-0.804921
0.975897
0.0357465
-0.634926
0.197199
-0.145548
0.262437
-0.0172367
-0.327273
0.360265
0.912391
0.250829
0.319587
0.151402
-0.461869
-0.749526
0.652189
1.13823
1.87974
0.161663
0.758635
0.246308
0.90111
-0.813826
-1.23706
-0.263545
-0.167392
0.343457
0.281546
-1.87567
0.061338
1.13555
-0.650209
-0.61617
-0.0564268
-0.425383
-0.132954
0.267135
1.40798
-0.462296
0.980672
-1.15085
1.19413
-0.481591
-0.78756
-0.670394
-1.10563
0.794998
-0.386567
-0.487919
-1.10716
-1.8322
-0.576581
-0.721492
-1.14654
1.44451
-1.44689
-1.10573
1.04974
-0.333667
1.26756
1.33068
-0.996748
-0.186675
-0.164475
-2.51003
-0.86218
1.232
-1.0001
0.281343
-1.3235
1.47501
0.718416
