-4.3193
-1.11915
0.692236
-0.103835
0.0822279
-0.775713
-1.67421
0.464527
0.465732
1.51168
-0.296296
0.0486889
0.957987
-1.81748
-1.61218
0.0745162
0.443089
-2.42292
-0.296522
-1.49973
-0.208329
0.486723
0.224913
1.47905
1.02013
0.0675518
-1.32875
0.395923
-0.212139
0.527828
1.34273
0.713391
-0.635801
-1.66995
0.631312
-0.444794
0.33885
0.694803
2.36716
-0.344225
-0.683838
2.10952
0.590763
0.685088
0.389424
-1.45608
0.336186
1.19885
-0.604637
-0.160074
0.727352
-0.0558472
-0.71348
-0.598039
-0.360424
-0.96806
-0.0338023
1.26831
1.33589
-1.55005
1.30853
0.0113375
0.0408493
-0.470405
2.21565
-0.0150988
-0.624516
-1.33626
1.62355
-1.44843
0.00177243
-0.29462
-0.591533
1.36464
0.0746349
-0.0892394
1.56305
-1.64404
0.711182
0.739521
0.945575
-1.14858
-2.14773
0.491477
1.11814
0.330644
0.631749
0.598995
3.2677
1.21897
-0.728366
-0.506303
-0.382581
0.0332784
0.23041
1.01935
-0.222196
1.00069
-0.614879
-0.213689
0.0936439
-0.0805061
-0.561547
-0.921757
-1.02061
0.180589
0.850246
-1.83769
0.0864605
-0.00380978
1.69922
0.669127
0.137251
1.23046
0.318242
1.00288
-0.995414
-0.79691
0.567197
-1.12437
-1.33468
-0.598995
-2.74783
-0.216515
-1.92883
0.552858
1.53736
-0.70659
-0.911956
-0.47459
1.21068
0.390884
-1.035
0.471467
-0.290244
-0.285253
-0.000649134
-1.04707
0.220314
1.01764
0.227824
1.69973
0.141205
-1.04439
2.12736
-0.230719
-1.07218
0.163401
-0.667813
-0.0287937
-0.0902846
1.76354
-1.14536
-0.842489
-0.469798
0.329918
-1.14207
0.388708
0.309775
0.852649
-0.681297
-0.0591111
-0.281107
-0.830067
-1.90523
1.29115
-0.185299
-1.07128
1.62096
-0.22674
-1.12079
1.20371
-1.32749
-0.985462
-1.46792
-0.344224
-0.6649
-1.10256
0.782887
-0.112263
-0.386605
-0.119852
0.874014
1.48838
0.389768
-0.788342
0.466559
1.33415
-0.674095
1.08419
-0.0720971
0.0149297
0.254366
0.906111
0.692995
-0.0947795
1.65826
0.339116
-0.152667
0.933416
0.492964
0.530758
2.23058
1.68926
1.04189
-0.555383
0.0939505
0.0361902
-1.26222
-0.217194
0.193501
1.15799
-0.150871
0.61205
1.12292
0.569945
0.844197
0.543292
0.648644
-2.07287
1.20569
0.0626751
-0.0920662
-1.51257
0.563411
-0.0277189
0.433513
0.473437
-0.843213
1.38278
1.10714
1.22663
0.110386
-1.08394
-0.124784
2.30307
-0.787372
-0.135715
-0.479666
0.0367541
1.18254
-0.151665
-0.0814758
0.865617
-0.344705
-0.801162
3.12689
-1.0211
0.333147
0.295909
-3.24125
-3.12833
0.749931
0.604773
-0.47
-0.20772
0.474685
0.469271
-0.822972
0.97985
0.550234
0.949072
-1.31325
-1.39348
0.719244
0.33072
-0.793126
-0.794175
-1.39797
-0.282387
1.66616
1.6215
-0.279701
-0.61519
0.502008
-0.570896
0.761651
0.785314
-0.195605
-0.576449
-0.863368
-2.27958
-0.871195
2.1257
-0.69332
0.914322
-1.09639
-0.258155
0.255963
-0.927319
0.947684
-1.00383
2.25512
-0.652099
-0.727045
-1.27228
-0.774185
0.344374
0.512951
0.823084
0.513625
0.683772
0.43859
0.340951
-1.58537
0.248734
-0.748737
-0.471119
0.523924
-1.1879
0.714596
0.0655282
0.13555
0.222375
-0.440835
0.533018
-1.06674
-0.987545
-0.0367926
1.08133
0.889995
0.142952
0.640255
-0.478893
-1.10153
0.0716211
-0.493757
0.222709
0.0453444
-0.174216
-0.646917
-0.331254
-0.271463
-0.133584
-0.060456
-0.284976
-0.584943
-1.41685
-0.332537
-0.662198
0.444845
0.457202
0.0349404
0.60861
0.585124
1.59598
-0.0986771
1.55614
-0.463341
-0.09934
0.0429902
0.416165
-0.248606
0.267972
2.2116
-1.03475
0.440185
-0.402066
0.104743
0.0572016
0.951161
-2.1714
-0.60013
0.366433
0.115906
1.39074
-0.623088
1.88207
-0.684806
1.01093
0.507288
-0.111143
0.904374
-2.0125
-0.991385
0.544496
0.547046
-0.159498
0.208091
0.679881
2.38814
0.512013
-0.584293
0.686696
-0.949517
-2.63122
-0.0108011
-1.40563
-0.981874
1.30059
0.782338
0.664076
-0.160038
-2.49254
0.214156
0.0463351
-1.49967
0.110573
-0.280019
-0.786368
-0.290363
0.323552
0.409881
0.551399
0.0970617
-0.581983
0.899971
-0.3268
0.48483
-0.495372
-2.35156
-1.26021
0.0525633
0.758354
-0.769881
-1.59569
-1.47108
-0.993333
0.594059
-0.532985
-1.63904
-0.0556651
-0.107586
0.0501247
-0.134535
-1.0351
-0.565278
0.968819
0.511894
0.196207
0.470958
-0.436671
-1.57633
2.22273
0.106465
-2.93693
1.06337
-1.89035
-0.311921
-0.0259422
0.192113
0.640139
0.465832
0.0910329
-1.80436
-1.16255
1.93257
-0.884268
-0.381763
0.290088
0.273099
-1.14583
0.132896
1.68524
-0.36669
0.986686
1.94733
-0.646388
-0.66969
-0.190813
0.889184
1.26976
-0.691626
0.70829
0.509664
-0.120986
-0.632224
0.42753
-1.1923
-0.807941
-1.20721
0.118022
-2.5075
-0.930816
0.251689
-0.171518
-1.38841
0.488535
-0.317822
0.978986
-1.15699
1.93242
-1.88618
-1.4027
-0.0144271
0.736995
1.5065
-0.674001
-0.359374
0.735932
-0.000111967
0.672137
0.445175
0.472362
0.695951
-1.79449
-0.736965
-0.766574
0.15757
0.392409
0.296591
-0.327974
-0.756078
-0.726744
0.393464
-0.970384
0.656051
-0.995454
-1.66819
0.41791
-1.15062
1.63674
-0.0396641
0.308228
1.36596
-2.09818
0.236675
0.588411
-0.00856776
-1.61004
-0.146831
0.0480828
0.745265
-1.5113
-0.143898
1.99871
-0.0809487
-0.442521
-0.135951
0.653472
-0.822693
-0.948729
-0.325187
1.55247
1.80999
-0.65897
-1.4733
-1.15596
0.0660672
-0.994116
0.0444
-1.25255
1.00096
-0.335664
-0.191951
-0.447582
0.563776
0.193652
1.13534
0.700671
0.980571
0.5238
-0.281769
1.51601
0.267876
-0.352895
0.0991859
-0.112856
-0.24897
-0.704886
-1.38461
-0.197857
-0.0692886
-0.554067
-1.25374
-0.784456
0.848854
0.0688339
0.436658
1.09683
-0.69429
0.557961
-0.632093
-0.298079
-1.39834
-0.101031
-0.729438
0.825135
-0.0217014
-2.7236
-0.624593
0.425294
-0.188631
-0.889658
1.79253
-1.1075
0.826909
1.60765
-0.94961
0.268912
-1.52361
-0.392101
-0.546189
0.024212
0.937839
0.971452
0.602091
-0.441476
0.84909
0.336527
-1.69181
-1.73444
-1.02232
0.729215
-1.5404
0.0484049
1.46949
-0.770453
-0.825433
-1.34698
0.523512
0.543076
-0.0134587
-0.637872
0.557981
-0.309775
-0.839321
-0.730286
-0.160874
-0.0765306
1.08567
1.99979
-0.139521
-1.82179
0.0596222
-1.85724
0.684511
0.231632
0.926439
-0.441076
-0.73202
0.0916911
-0.1748
-0.244089
2.23602
1.8372
1.03871
1.11472
-0.491306
-1.04336
2.81997
0.357185
-0.0801104
1.4902
0.498042
0.897998
0.104301
0.183524
-0.997685
1.60045
0.92046
-1.01349
-1.73835
-0.402621
-1.22642
-1.30153
0.047075
-2.00643
0.154732
1.06639
0.042395
0.452442
0.63466
0.519977
-1.99909
-0.870609
0.442651
-0.39649
-1.504
-1.07713
1.41263
-0.766611
-0.30518
0.217308
-0.964839
-1.93754
0.499046
0.713862
0.564213
-1.4233
0.227055
1.44309
1.47354
-0.175239
0.0149642
0.95914
1.39995
0.257588
0.594277
0.0484887
-0.0230204
-0.988641
1.97942
0.187486
-0.60301
0.0788582
0.520258
0.43178
-1.29632
0.122469
0.281242
0.434302
-0.0122193
0.180405
0.224686
-0.147641
-1.03123
0.00570193
0.616943
-1.85699
-1.62938
0.0553331
-0.465903
-1.81114
-0.689856
-1.24166
-0.297694
0.130285
0.246025
0.282215
1.51609
0.74555
0.0329643
-0.0333916
0.385665
0.515779
-0.233883
-0.0329694
-0.0506986
0.5547
0.0858286
-0.592831
0.267709
-0.582533
0.534116
0.0765006
1.54028
-0.721169
-0.218566
0.24682
0.782373
1.40677
0.471873
0.919861
0.0687684
-0.737959
-1.06391
1.27883
-0.670021
0.389413
-2.5888
1.52153
-0.596702
1.07479
-0.586027
1.6689
0.0170959
-1.16037
-0.210919
0.531522
-0.159871
-1.23864
0.726307
-1.28232
-0.147762
-0.400005
-0.532863
0.698671
-0.416534
-0.43782
-1.59277
0.184484
-0.0368908
-0.832789
-1.20307
1.94893
1.10127
-0.0204536
-0.338761
0.8593
-0.985441
-0.996186
-1.57418
-1.03965
-0.0800433
-0.303884
1.19371
-0.19133
-0.221766
0.388818
-0.500597
-1.55358
0.894289
1.26831
1.40166
1.28852
0.739
-0.951023
0.182595
-1.86055
0.853352
0.0557127
1.08763
-0.591185
1.124
0.21948
-0.281478
0.884902
0.0643902
1.5537
-0.201796
0.201542
0.671802
1.17892
-0.417696
-0.879561
0.653013
0.579635
1.17081
-1.45475
0.553717
1.1703
-0.360118
-1.34166
-0.990237
-0.210096
-1.30217
0.452909
0.157594
0.88918
1.166
0.736741
0.345672
1.26199
1.16709
-0.0339194
-1.21036
-0.312094
-0.298608
0.488996
-1.16633
-1.42678
-1.0656
-0.0560756
0.549264
-0.712688
-0.276801
1.97526
0.328589
0.471054
1.33273
-0.352051
1.07679
0.821355
-0.179243
-1.45013
-0.00343267
-0.0404358
-0.123805
-0.000858943
0.645686
1.49731
-0.52405
-1.05289
-1.22643
-1.40291
1.9185
-0.232236
-0.711425
1.7886
0.967985
-0.848499
-1.12885
-0.854885
-0.414868
0.190852
-0.15029
0.216432
-0.169054
-0.336617
-0.299401
0.25369
-0.177717
-1.04165
0.440456
2.60458
0.518847
-0.246262
1.03334
0.913565
0.818213
-0.320619
-2.34132
-0.0507092
0.355942
0.375875
0.371582
0.838179
-0.312411
-0.364689
-0.280621
-0.428052
0.506048
-1.05857
-0.548934
0.431249
1.05534
-0.482575
-1.06189
0.259174
-2.53713
1.41067
-0.30035
0.0414501
-0.400333
-0.630654
-0.550466
0.968682
-1.15331
0.344113
-1.65762
-0.105358
-0.313852
-1.01157
0.693033
0.428821
-2.27242
0.823474
0.153288
-0.55732
-0.213265
-0.46599
0.0365806
0.580334
1.00289
-0.732619
-0.0878271
-0.322969
-1.64444
-1.4477
-0.832904
0.166664
0.960205
-0.195368
0.992604
-0.544515
-0.910817
-0.36508
1.50712
0.226051
-0.334396
-0.0927308
0.326112
1.59329
-0.238398
-1.6402
-0.138684
0.242819
0.669184
1.09925
-1.12157
-1.25588
0.426994
0.9676
0.205182
0.408628
2.09766
-2.07667
1.41505
-0.860783
1.84834
0.0578664
-0.586423
0.582232
0.228725
0.982535
0.972872
0.412156
0.614169
0.366561
-0.386592
0.0875333
0.423809
-0.458132
1.12256
-0.144962
1.39153
-0.59277
1.6621
-1.18891
-0.212118
0.97967
1.7809
-0.431841
0.065675
0.0902515
0.908176
1.47497
0.420372
-0.695955
-4.3193
-1.11915
0.692236
-0.103835
0.0822279
-0.775713
-1.67421
0.464527
0.465732
1.51168
-0.296296
0.0486889
0.957987
-1.81748
-1.61218
0.0745162
0.443089
-2.42292
-0.296522
-1.49973
-0.208329
0.486723
0.224913
1.47905
1.02013
0.0675518
-1.32875
0.395923
-0.212139
0.527828
1.34273
0.713391
-0.635801
-1.66995
0.631312
-0.444794
0.33885
0.694803
2.36716
-0.344225
-0.683838
2.10952
0.590763
0.685088
0.389424
-1.45608
0.336186
1.19885
-0.604637
-0.160074
0.727352
-0.0558472
-0.71348
-0.598039
-0.360424
-0.96806
-0.0338023
1.26831
1.33589
-1.55005
1.30853
0.0113375
0.0408493
-0.470405
2.21565
-0.0150988
-0.624516
-1.33626
1.62355
-1.44843
0.00177243
-0.29462
-0.591533
1.36464
0.0746349
-0.0892394
1.56305
-1.64404
0.711182
0.739521
0.945575
-1.14858
-2.14773
0.491477
1.11814
0.330644
0.631749
0.598995
3.2677
1.21897
-0.728366
-0.506303
-0.382581
0.0332784
0.23041
1.01935
-0.222196
1.00069
-0.614879
-0.213689
0.0936439
-0.0805061
-0.561547
-0.921757
-1.02061
0.180589
0.850246
-1.83769
0.0864605
-0.00380978
1.69922
0.669127
0.137251
1.23046
0.318242
1.00288
-0.995414
-0.79691
0.567197
-1.12437
-1.33468
-0.598995
-2.74783
-0.216515
-1.92883
0.552858
1.53736
-0.70659
-0.911956
-0.47459
1.21068
0.390884
-1.035
0.471467
-0.290244
-0.285253
-0.000649134
-1.04707
0.220314
1.01764
0.227824
1.69973
0.141205
-1.04439
2.12736
-0.230719
-1.07218
0.163401
-0.667813
-0.0287937
-0.0902846
1.76354
-1.14536
-0.842489
-0.469798
0.329918
-1.14207
0.388708
0.309775
0.852649
-0.681297
-0.0591111
-0.281107
-0.830067
-1.90523
1.29115
-0.185299
-1.07128
1.62096
-0.22674
-1.12079
1.20371
-1.32749
-0.985462
-1.46792
-0.344224
-0.6649
-1.10256
0.782887
-0.112263
-0.386605
-0.119852
0.874014
1.48838
0.389768
-0.788342
0.466559
1.33415
-0.674095
1.08419
-0.0720971
0.0149297
0.254366
0.906111
0.692995
-0.0947795
1.65826
0.339116
-0.152667
0.933416
0.492964
0.530758
2.23058
1.68926
1.04189
-0.555383
0.0939505
0.0361902
-1.26222
-0.217194
0.193501
1.15799
-0.150871
0.61205
1.12292
0.569945
0.844197
0.543292
0.648644
-2.07287
1.20569
0.0626751
-0.0920662
-1.51257
0.563411
-0.0277189
0.433513
0.473437
-0.843213
1.38278
1.10714
1.22663
0.110386
-1.08394
-0.124784
2.30307
-0.787372
-0.135715
-0.479666
0.0367541
1.18254
-0.151665
-0.0814758
0.865617
-0.344705
-0.801162
3.12689
-1.0211
0.333147
0.295909
-3.24125
-3.12833
0.749931
0.604773
-0.47
-0.20772
0.474685
0.469271
-0.822972
0.97985
0.550234
0.949072
-1.31325
-1.39348
0.719244
0.33072
-0.793126
-0.794175
-1.39797
-0.282387
1.66616
1.6215
-0.279701
-0.61519
0.502008
-0.570896
0.761651
0.785314
-0.195605
-0.576449
-0.863368
-2.27958
-0.871195
2.1257
-0.69332
0.914322
-1.09639
-0.258155
0.255963
-0.927319
0.947684
-1.00383
2.25512
-0.652099
-0.727045
-1.27228
-0.774185
0.344374
0.512951
0.823084
0.513625
0.683772
0.43859
0.340951
-1.58537
0.248734
-0.748737
-0.471119
0.523924
-1.1879
0.714596
0.0655282
0.13555
0.222375
-0.440835
0.533018
-1.06674
-0.987545
-0.0367926
1.08133
0.889995
0.142952
0.640255
-0.478893
-1.10153
0.0716211
-0.493757
0.222709
0.0453444
-0.174216
-0.646917
-0.331254
-0.271463
-0.133584
-0.060456
-0.284976
-0.584943
-1.41685
-0.332537
-0.662198
0.444845
0.457202
0.0349404
0.60861
0.585124
1.59598
-0.0986771
1.55614
-0.463341
-0.09934
0.0429902
0.416165
-0.248606
0.267972
2.2116
-1.03475
0.440185
-0.402066
0.104743
0.0572016
0.951161
-2.1714
-0.60013
0.366433
0.115906
1.39074
-0.623088
1.88207
-0.684806
1.01093
0.507288
-0.111143
0.904374
-2.0125
-0.991385
0.544496
0.547046
-0.159498
0.208091
0.679881
2.38814
0.512013
-0.584293
0.686696
-0.949517
-2.63122
-0.0108011
-1.40563
-0.981874
1.30059
0.782338
0.664076
-0.160038
-2.49254
0.214156
0.0463351
-1.49967
0.110573
-0.280019
-0.786368
-0.290363
0.323552
0.409881
0.551399
0.0970617
-0.581983
0.899971
-0.3268
0.48483
-0.495372
-2.35156
-1.26021
0.0525633
0.758354
-0.769881
-1.59569
-1.47108
-0.993333
0.594059
-0.532985
-1.63904
-0.0556651
-0.107586
0.0501247
-0.134535
-1.0351
-0.565278
0.968819
0.511894
0.196207
0.470958
-0.436671
-1.57633
2.22273
0.106465
-2.93693
1.06337
-1.89035
-0.311921
-0.0259422
0.192113
0.640139
0.465832
0.0910329
-1.80436
-1.16255
1.93257
-0.884268
-0.381763
0.290088
0.273099
-1.14583
0.132896
1.68524
-0.36669
0.986686
1.94733
-0.646388
-0.66969
-0.190813
0.889184
1.26976
-0.691626
0.70829
0.509664
-0.120986
-0.632224
0.42753
-1.1923
-0.807941
-1.20721
0.118022
-2.5075
-0.930816
0.251689
-0.171518
-1.38841
0.488535
-0.317822
0.978986
-1.15699
1.93242
-1.88618
-1.4027
-0.0144271
0.736995
1.5065
-0.674001
-0.359374
0.735932
-0.000111967
0.672137
0.445175
0.472362
0.695951
-1.79449
-0.736965
-0.766574
0.15757
0.392409
0.296591
-0.327974
-0.756078
-0.726744
0.393464
-0.970384
0.656051
-0.995454
-1.66819
0.41791
-1.15062
1.63674
-0.0396641
0.308228
1.36596
-2.09818
0.236675
0.588411
-0.00856776
-1.61004
-0.146831
0.0480828
0.745265
-1.5113
-0.143898
1.99871
-0.0809487
-0.442521
-0.135951
0.653472
-0.822693
-0.948729
-0.325187
1.55247
1.80999
-0.65897
-1.4733
-1.15596
0.0660672
-0.994116
0.0444
-1.25255
1.00096
-0.335664
-0.191951
-0.447582
0.563776
0.193652
1.13534
0.700671
0.980571
0.5238
-0.281769
1.51601
0.267876
-0.352895
0.0991859
-0.112856
-0.24897
-0.704886
-1.38461
-0.197857
-0.0692886
-0.554067
-1.25374
-0.784456
0.848854
0.0688339
0.436658
1.09683
-0.69429
0.557961
-0.632093
-0.298079
-1.39834
-0.101031
-0.729438
0.825135
-0.0217014
-2.7236
-0.624593
0.425294
-0.188631
-0.889658
1.79253
-1.1075
0.826909
1.60765
-0.94961
0.268912
-1.52361
-0.392101
-0.546189
0.024212
0.937839
0.971452
0.602091
-0.441476
0.84909
0.336527
-1.69181
-1.73444
-1.02232
0.729215
-1.5404
0.0484049
1.46949
-0.770453
-0.825433
-1.34698
0.523512
0.543076
-0.0134587
-0.637872
0.557981
-0.309775
-0.839321
-0.730286
-0.160874
-0.0765306
1.08567
1.99979
-0.139521
-1.82179
0.0596222
-1.85724
0.684511
0.231632
0.926439
-0.441076
-0.73202
0.0916911
-0.1748
-0.244089
2.23602
1.8372
1.03871
1.11472
-0.491306
-1.04336
2.81997
0.357185
-0.0801104
1.4902
0.498042
0.897998
0.104301
0.183524
-0.997685
1.60045
0.92046
-1.01349
-1.73835
-0.402621
-1.22642
-1.30153
0.047075
-2.00643
0.154732
1.06639
0.042395
0.452442
0.63466
0.519977
-1.99909
-0.870609
0.442651
-0.39649
-1.504
-1.07713
1.41263
-0.766611
-0.30518
0.217308
-0.964839
-1.93754
0.499046
0.713862
0.564213
-1.4233
0.227055
1.44309
1.47354
-0.175239
0.0149642
0.95914
1.39995
0.257588
0.594277
0.0484887
-0.0230204
-0.988641
1.97942
0.187486
-0.60301
0.0788582
0.520258
0.43178
-1.29632
0.122469
0.281242
0.434302
-0.0122193
0.180405
0.224686
-0.147641
-1.03123
0.00570193
0.616943
-1.85699
-1.62938
0.0553331
-0.465903
-1.81114
-0.689856
-1.24166
-0.297694
0.130285
0.246025
0.282215
1.51609
0.74555
0.0329643
-0.0333916
0.385665
0.515779
-0.233883
-0.0329694
-0.0506986
0.5547
0.0858286
-0.592831
0.267709
-0.582533
0.534116
0.0765006
1.54028
-0.721169
-0.218566
0.24682
0.782373
1.40677
0.471873
0.919861
0.0687684
-0.737959
-1.06391
1.27883
-0.670021
0.389413
-2.5888
1.52153
-0.596702
1.07479
-0.586027
1.6689
0.0170959
-1.16037
-0.210919
0.531522
-0.159871
-1.23864
0.726307
-1.28232
-0.147762
-0.400005
-0.532863
0.698671
-0.416534
-0.43782
-1.59277
0.184484
-0.0368908
-0.832789
-1.20307
1.94893
1.10127
-0.0204536
-0.338761
0.8593
-0.985441
-0.996186
-1.57418
-1.03965
-0.0800433
-0.303884
1.19371
-0.19133
-0.221766
0.388818
-0.500597
-1.55358
0.894289
1.26831
1.40166
1.28852
0.739
-0.951023
0.182595
-1.86055
0.853352
0.0557127
1.08763
-0.591185
1.124
0.21948
-0.281478
0.884902
0.0643902
1.5537
-0.201796
0.201542
0.671802
1.17892
-0.417696
-0.879561
0.653013
0.579635
1.17081
-1.45475
0.553717
1.1703
-0.360118
-1.34166
-0.990237
-0.210096
-1.30217
0.452909
0.157594
0.88918
1.166
0.736741
0.345672
1.26199
1.16709
-0.0339194
-1.21036
-0.312094
-0.298608
0.488996
-1.16633
-1.42678
-1.0656
-0.0560756
0.549264
-0.712688
-0.276801
1.97526
0.328589
0.471054
1.33273
-0.352051
1.07679
0.821355
-0.179243
-1.45013
-0.00343267
-0.0404358
-0.123805
-0.000858943
0.645686
1.49731
-0.52405
-1.05289
-1.22643
-1.40291
1.9185
-0.232236
-0.711425
1.7886
0.967985
-0.848499
-1.12885
-0.854885
-0.414868
0.190852
-0.15029
0.216432
-0.169054
-0.336617
-0.299401
0.25369
-0.177717
-1.04165
0.440456
2.60458
0.518847
-0.246262
1.03334
0.913565
0.818213
-0.320619
-2.34132
-0.0507092
0.355942
0.375875
0.371582
0.838179
-0.312411
-0.364689
-0.280621
-0.428052
0.506048
-1.05857
-0.548934
0.431249
1.05534
-0.482575
-1.06189
0.259174
-2.53713
1.41067
-0.30035
0.0414501
-0.400333
-0.630654
-0.550466
0.968682
-1.15331
0.344113
-1.65762
-0.105358
-0.313852
-1.01157
0.693033
0.428821
-2.27242
0.823474
0.153288
-0.55732
-0.213265
-0.46599
0.0365806
0.580334
1.00289
-0.732619
-0.0878271
-0.322969
-1.64444
-1.4477
-0.832904
0.166664
0.960205
-0.195368
0.992604
-0.544515
-0.910817
-0.36508
1.50712
0.226051
-0.334396
-0.0927308
0.326112
1.59329
-0.238398
-1.6402
-0.138684
0.242819
0.669184
1.09925
-1.12157
-1.25588
0.426994
0.9676
0.205182
0.408628
2.09766
-2.07667
1.41505
-0.860783
1.84834
0.0578664
-0.586423
0.582232
0.228725
0.982535
0.972872
0.412156
0.614169
0.366561
-0.386592
0.0875333
0.423809
-0.458132
1.12256
-0.144962
1.39153
-0.59277
1.6621
-1.18891
-0.212118
0.97967
1.7809
-0.431841
0.065675
0.0902515
0.908176
1.47497
0.420372
-0.695955
